REM  FreeSASA 2.0.3
REM  Absolute and relative SASAs for out_files/modbase_structures_individual/3f399e0672d6927b950d1758e44217d8.txt
REM  Atomic radii and reference values for relative SASA: ProtOr
REM  Chains:  
REM  Algorithm: Lee & Richards
REM  Probe-radius: 1.40
REM  Slices: 20
REM RES _ NUM      All-atoms   Total-Side   Main-Chain    Non-polar    All polar
REM                ABS   REL    ABS   REL    ABS   REL    ABS   REL    ABS   REL
RES LEU   523    79.05  44.0  77.59  55.5   1.46   3.7  77.89  54.7   1.16   3.1
RES LEU   524    67.88  37.8  67.22  48.1   0.66   1.6  67.22  47.2   0.66   1.8
RES GLN   525    45.62  25.5  43.72  32.0   1.90   4.5   3.69   7.9  41.93  31.8
RES GLY   526    53.59  66.1   0.00   N/A  53.59  66.1  37.84 103.9  15.75  35.3
RES LYS   527   149.77  73.1 124.35  76.3  25.41  60.5  81.84  73.7  67.93  72.4
RES GLU   528    99.12  56.9  89.41  67.6   9.71  23.1  23.47  45.4  75.65  61.8
RES GLN   529    84.18  47.1  84.18  61.5   0.00   0.0  14.53  30.9  69.65  52.8
RES PRO   530    51.51  37.5  45.92  41.9   5.59  20.3  45.92  37.9   5.59  34.8
RES LEU   531    18.12  10.1   7.53   5.4  10.59  26.6   7.67   5.4  10.45  28.1
RES ASP   532    55.32  38.8  51.21  51.0   4.11   9.7  16.06  37.8  39.26  39.2
RES GLU   533   133.95  76.9 129.60  98.0   4.35  10.4  62.66 121.2  71.28  58.2
RES GLU   534    82.90  47.6  73.79  55.8   9.11  21.7  34.22  66.2  48.68  39.7
RES MET   535     0.85   0.4   0.85   0.6   0.00   0.0   0.72   0.6   0.14   0.2
RES LYS   536    54.71  26.7  54.71  33.6   0.00   0.0  21.41  19.3  33.30  35.5
RES GLU   537    83.90  48.2  83.90  63.5   0.00   0.0  30.31  58.6  53.59  43.8
RES ALA   538    18.19  16.7   4.53   7.0  13.66  31.1  14.40  20.3   3.79  10.0
RES PHE   539    23.61  11.8  21.92  13.6   1.68   4.4  22.93  13.9   0.68   1.9
RES GLN   540    48.98  27.4  48.14  35.2   0.84   2.0   5.34  11.4  43.63  33.1
RES ASN   541   103.56  71.4  81.84  79.1  21.72  52.3  29.16  70.2  74.41  71.9
RES ALA   542    46.60  42.8  18.97  29.3  27.63  62.9  32.19  45.3  14.41  38.2
RES TYR   543    94.87  44.3  71.26  40.5  23.61  61.4  65.92  49.5  28.95  35.7
RES LEU   544   131.48  73.2 125.51  89.8   5.97  15.0 128.44  90.2   3.04   8.2
RES GLU   545    94.18  54.1  68.80  52.1  25.37  60.4  35.03  67.8  59.15  48.3
RES LEU   546    32.60  18.2  28.18  20.2   4.43  11.1  30.86  21.7   1.75   4.7
RES GLY   547    45.04  55.5   0.00   N/A  45.04  55.5  11.21  30.8  33.83  75.8
RES GLY   548    18.75  23.1   0.00   N/A  18.75  23.1  18.33  50.3   0.42   0.9
RES LEU   549    89.30  49.7  57.81  41.4  31.49  79.2  58.77  41.3  30.53  82.2
RES GLY   550    27.58  34.0   0.00   N/A  27.58  34.0  27.02  74.1   0.56   1.3
RES GLU   551    44.22  25.4  37.59  28.4   6.63  15.8  21.93  42.4  22.29  18.2
RES ARG   552    49.00  20.6  48.63  24.8   0.37   0.9  19.53  26.7  29.47  17.9
RES VAL   553    11.30   7.4  11.26  10.2   0.04   0.1  11.26   9.8   0.04   0.1
RES LEU   554    49.25  27.4  49.25  35.2   0.00   0.0  49.25  34.6   0.00   0.0
RES GLY   555    13.73  16.9   0.00   N/A  13.73  16.9   2.55   7.0  11.18  25.0
RES PHE   556    28.04  14.0  25.95  16.1   2.09   5.5  26.46  16.0   1.59   4.5
RES CYS   557    16.07  12.2  14.25  15.9   1.83   4.3   4.85  12.3  11.22  12.1
RES HIS   558    73.15  40.0  73.15  50.8   0.00   0.0  46.81  48.2  26.33  30.6
RES TYR   559   155.05  72.4 145.79  83.0   9.26  24.1 102.03  76.7  53.03  65.4
RES TYR   560    51.56  24.1  50.96  29.0   0.60   1.6  33.23  25.0  18.33  22.6
RES LEU   561     6.04   3.4   6.04   4.3   0.00   0.0   6.04   4.2   0.00   0.0
RES PRO   562    50.91  37.1  41.64  38.0   9.27  33.7  42.00  34.7   8.91  55.4
RES GLU   563    48.94  28.1  34.02  25.7  14.93  35.5  24.22  46.8  24.72  20.2
RES GLU   564     5.54   3.2   2.71   2.1   2.83   6.7   1.24   2.4   4.30   3.5
RES GLN   565    74.79  41.8  73.45  53.7   1.34   3.2   8.64  18.4  66.14  50.2
RES PHE   566    18.29   9.2  16.60  10.3   1.69   4.4  18.29  11.1   0.00   0.0
RES PRO   567    43.82  31.9  34.24  31.2   9.58  34.8  34.50  28.5   9.32  57.9
RES LYS   568   135.81  66.3 102.25  62.7  33.56  79.9  79.52  71.6  56.29  60.0
RES GLY   569    26.78  33.0   0.00   N/A  26.78  33.0  14.52  39.8  12.26  27.5
RES PHE   570    79.88  40.0  79.88  49.5   0.00   0.0  79.88  48.4   0.00   0.0
RES ALA   571     1.23   1.1   1.23   1.9   0.00   0.0   1.23   1.7   0.00   0.0
RES PHE   572    19.43   9.7  19.17  11.9   0.26   0.7  19.17  11.6   0.26   0.7
RES ASP   573     1.11   0.8   1.01   1.0   0.10   0.2   1.01   2.4   0.10   0.1
RES CYS   574     2.48   1.9   2.29   2.5   0.20   0.5   0.12   0.3   2.36   2.5
RES ASP   575     0.87   0.6   0.87   0.9   0.00   0.0   0.21   0.5   0.66   0.7
RES ASP   576     4.76   3.3   2.87   2.9   1.89   4.5   4.03   9.5   0.73   0.7
RES VAL   577    35.28  23.2  33.07  29.9   2.21   5.3  35.18  30.6   0.11   0.3
RES ASN   578    22.46  15.5  13.74  13.3   8.72  21.0   2.66   6.4  19.80  19.1
RES PHE   579    15.91   8.0  15.65   9.7   0.26   0.7  15.65   9.5   0.26   0.8
RES THR   580     4.85   3.4   4.84   4.9   0.01   0.0   3.96   5.3   0.89   1.4
RES THR   581     7.87   5.6   7.87   8.0   0.00   0.0   0.26   0.4   7.61  11.5
RES ASP   582     9.99   7.0   9.94   9.9   0.05   0.1   2.30   5.4   7.69   7.7
RES ASN   583    23.78  16.4  22.82  22.0   0.96   2.3   0.00   0.0  23.78  23.0
RES LEU   584    11.33   6.3   7.43   5.3   3.91   9.8   7.43   5.2   3.91  10.5
RES CYS   585    39.14  29.6  15.31  17.1  23.84  56.0  15.14  38.4  24.01  25.9
RES PHE   586   157.70  78.9 129.90  80.5  27.80  72.3 135.13  81.9  22.57  64.6
RES VAL   587   103.91  68.4  89.03  80.6  14.88  35.9  89.23  77.5  14.68  39.8
RES GLY   588    31.90  39.3   0.00   N/A  31.90  39.3  31.56  86.6   0.34   0.8
RES LEU   589    81.77  45.5  48.78  34.9  32.98  82.9  49.35  34.7  32.42  87.2
RES MET   590    94.44  48.9  57.53  38.1  36.91  87.9  60.70  51.6  33.73  44.7
RES SER   591    56.71  47.9  50.75  67.7   5.96  13.7  30.21  64.3  26.50  37.1
RES MET   592   112.91  58.5  82.41  54.5  30.50  72.6  53.89  45.8  59.02  78.2
RES ILE   593    55.98  31.9  53.06  39.5   2.92   7.0  55.98  40.3   0.00   0.0
RES ASP   594    27.17  19.0   7.16   7.1  20.01  47.3   6.02  14.2  21.15  21.1
RES PRO   595     8.97   6.5   5.13   4.7   3.84  14.0   5.13   4.2   3.84  23.9
RES PRO   596    56.87  41.5  48.17  43.9   8.70  31.6  56.87  47.0   0.00   0.0
RES ARG   597   149.65  62.8 142.49  72.6   7.16  17.0  50.46  69.0  99.19  60.1
RES ALA   598    89.11  81.9  64.58  99.7  24.53  55.8  76.57 107.8  12.55  33.2
RES ALA   599     8.32   7.7   5.07   7.8   3.25   7.4   7.62  10.7   0.70   1.9
RES VAL   600    16.45  10.8  14.98  13.6   1.48   3.6  16.45  14.3   0.00   0.0
RES PRO   601    90.62  66.0  79.80  72.7  10.82  39.3  82.41  68.0   8.21  51.0
RES ASP   602    45.14  31.6  32.84  32.7  12.30  29.1  30.28  71.3  14.86  14.8
RES ALA   603     1.64   1.5   1.64   2.5   0.00   0.0   1.64   2.3   0.00   0.0
RES VAL   604    28.28  18.6  27.87  25.2   0.40   1.0  27.87  24.2   0.40   1.1
RES GLY   605    37.58  46.3   0.00   N/A  37.58  46.3  32.52  89.2   5.06  11.3
RES LYS   606    23.61  11.5  20.72  12.7   2.89   6.9  22.58  20.3   1.03   1.1
RES CYS   607     1.87   1.4   1.83   2.0   0.04   0.1   1.87   4.7   0.00   0.0
RES ARG   608   180.73  75.9 174.68  89.0   6.05  14.4  75.17 102.7 105.56  64.0
RES SER   609    98.58  83.3  58.31  77.8  40.27  92.8  54.28 115.6  44.30  62.1
RES ALA   610    36.03  33.1   1.90   2.9  34.13  77.6  14.56  20.5  21.48  56.9
RES GLY   611    47.08  58.1   0.00   N/A  47.08  58.1  24.14  66.2  22.94  51.4
RES ILE   612     6.06   3.4   0.53   0.4   5.53  13.3   0.53   0.4   5.53  15.0
RES LYS   613    41.99  20.5  37.79  23.2   4.20  10.0  13.65  12.3  28.34  30.2
RES VAL   614    10.81   7.1   8.54   7.7   2.28   5.5   8.82   7.7   1.99   5.4
RES ILE   615     3.76   2.1   3.76   2.8   0.00   0.0   3.76   2.7   0.00   0.0
RES MET   616     3.64   1.9   1.05   0.7   2.59   6.2   2.77   2.4   0.87   1.2
RES VAL   617    14.21   9.3  10.09   9.1   4.11   9.9  10.09   8.8   4.11  11.2
RES THR   618    17.60  12.5  11.44  11.6   6.16  14.7   5.53   7.4  12.07  18.2
RES GLY   619    62.96  77.6   0.00   N/A  62.96  77.6  45.00 123.5  17.96  40.2
RES ASP   620    72.92  51.1  67.71  67.4   5.21  12.3  24.71  58.2  48.21  48.1
RES HIS   621    75.30  41.2  75.30  52.3   0.00   0.0  43.14  44.5  32.15  37.4
RES PRO   622     4.31   3.1   4.31   3.9   0.00   0.0   4.31   3.6   0.00   0.0
RES ILE   623     0.70   0.4   0.70   0.5   0.00   0.0   0.70   0.5   0.00   0.0
RES THR   624     1.32   0.9   0.17   0.2   1.15   2.7   1.09   1.5   0.22   0.3
RES ALA   625    63.32  58.2  41.09  63.4  22.23  50.6  41.47  58.4  21.85  57.9
RES LYS   626    83.38  40.7  79.64  48.9   3.74   8.9  35.66  32.1  47.72  50.8
RES ALA   627    53.02  48.7  37.46  57.8  15.55  35.4  37.54  52.9  15.48  41.0
RES ILE   628   135.55  77.1 123.87  92.3  11.68  28.2 128.35  92.4   7.20  19.5
RES ALA   629    13.12  12.1   4.68   7.2   8.44  19.2  12.99  18.3   0.13   0.3
RES LYS   630   140.80  68.7 133.28  81.8   7.52  17.9 107.42  96.7  33.38  35.6
RES GLY   631     6.50   8.0   0.00   N/A   6.50   8.0   6.50  17.8   0.00   0.0
RES VAL   632     0.72   0.5   0.72   0.6   0.00   0.0   0.72   0.6   0.00   0.0
RES GLY   633    10.72  13.2   0.00   N/A  10.72  13.2  10.72  29.4   0.00   0.0
RES ILE   634    63.55  36.2  59.02  44.0   4.53  10.9  60.39  43.5   3.16   8.6
RES ILE   635     6.32   3.6   6.32   4.7   0.00   0.0   6.32   4.6   0.00   0.0
RES SER   636    21.14  17.9  13.33  17.8   7.81  18.0   3.81   8.1  17.33  24.3
RES GLU   637   155.61  89.3 113.61  85.9  42.00 100.0  52.26 101.1 103.35  84.4
RES GLY   638    31.24  38.5   0.00   N/A  31.24  38.5  13.42  36.8  17.82  39.9
RES ASN   639    27.21  18.8   1.33   1.3  25.89  62.3   1.55   3.7  25.66  24.8
RES GLU   640    56.74  32.6  51.83  39.2   4.90  11.7  23.23  44.9  33.50  27.4
RES THR   641    54.53  38.8  38.77  39.3  15.76  37.6   9.71  13.0  44.81  67.7
RES VAL   642    38.96  25.6  21.01  19.0  17.95  43.3  33.07  28.7   5.89  16.0
RES GLU   643   155.95  89.5 130.64  98.8  25.31  60.3  54.87 106.1 101.08  82.5
RES ASP   644    84.35  59.1  78.55  78.2   5.80  13.7  20.86  49.1  63.48  63.3
RES ILE   645    34.43  19.6  30.47  22.7   3.96   9.5  32.84  23.6   1.59   4.3
RES ALA   646    81.15  74.6  60.24  93.0  20.91  47.6  64.04  90.2  17.11  45.3
RES ALA   647    85.59  78.7  51.34  79.2  34.26  77.9  63.12  88.9  22.48  59.5
RES ARG   648    79.71  33.5  72.15  36.8   7.56  18.0  31.90  43.6  47.80  29.0
RES LEU   649    21.89  12.2  10.27   7.3  11.62  29.2  10.27   7.2  11.62  31.3
RES ASN   650    89.99  62.1  85.40  82.5   4.59  11.1  23.82  57.3  66.17  64.0
RES ILE   651    80.53  45.8  55.53  41.4  25.00  60.3  56.72  40.8  23.81  64.6
RES PRO   652    53.40  38.9  36.30  33.1  17.10  62.2  36.30  30.0  17.10 106.3
RES VAL   653     5.25   3.5   2.68   2.4   2.57   6.2   5.25   4.6   0.00   0.0
RES SER   654     3.74   3.2   1.18   1.6   2.56   5.9   1.16   2.5   2.57   3.6
RES GLN   655     5.86   3.3   5.72   4.2   0.14   0.3   3.69   7.9   2.17   1.6
RES VAL   656     5.08   3.3   4.93   4.5   0.15   0.4   4.93   4.3   0.15   0.4
RES ASN   657     2.95   2.0   2.94   2.8   0.01   0.0   0.00   0.0   2.95   2.9
RES PRO   658     2.33   1.7   2.33   2.1   0.00   0.0   2.33   1.9   0.00   0.0
RES ARG   659    36.05  15.1  36.05  18.4   0.00   0.0   0.59   0.8  35.46  21.5
RES ASP   660    26.39  18.5  26.12  26.0   0.27   0.6   0.48   1.1  25.91  25.8
RES ALA   661    62.48  57.4  51.02  78.7  11.46  26.1  61.49  86.6   0.99   2.6
RES LYS   662    99.33  48.5  94.72  58.1   4.61  11.0  51.27  46.1  48.07  51.2
RES ALA   663    69.00  63.4  61.52  94.9   7.48  17.0  62.82  88.5   6.18  16.4
RES CYS   664    35.79  27.1  27.00  30.1   8.79  20.7  20.30  51.4  15.49  16.7
RES VAL   665     0.00   0.0   0.00   0.0   0.00   0.0   0.00   0.0   0.00   0.0
RES ILE   666    43.57  24.8  43.53  32.4   0.04   0.1  43.57  31.4   0.00   0.0
RES HIS   667   119.21  65.2 114.04  79.3   5.17  13.2  71.61  73.8  47.60  55.4
RES GLY   668    57.24  70.6   0.00   N/A  57.24  70.6  25.57  70.2  31.67  70.9
RES THR   669    64.47  45.9  55.46  56.2   9.01  21.5  40.45  54.3  24.02  36.3
RES ASP   670     9.46   6.6   8.46   8.4   1.00   2.4   2.84   6.7   6.62   6.6
RES LEU   671    34.73  19.3  31.61  22.6   3.12   7.8  34.73  24.4   0.00   0.0
RES LYS   672   108.61  53.0 108.39  66.5   0.22   0.5  74.72  67.3  33.90  36.1
RES ASP   673    67.68  47.4  63.82  63.5   3.86   9.1  21.42  50.4  46.26  46.1
RES PHE   674     7.46   3.7   7.46   4.6   0.00   0.0   7.46   4.5   0.00   0.0
RES THR   675    28.56  20.3  25.30  25.7   3.26   7.8  18.05  24.2  10.51  15.9
RES SER   676    43.67  36.9  37.21  49.7   6.46  14.9  29.40  62.6  14.27  20.0
RES GLU   677    91.46  52.5  66.80  50.5  24.66  58.7  39.60  76.6  51.86  42.3
RES GLN   678     5.32   3.0   4.60   3.4   0.72   1.7   4.75  10.1   0.57   0.4
RES ILE   679    96.54  54.9  89.72  66.8   6.82  16.4  92.14  66.3   4.40  11.9
RES ASP   680   114.97  80.5  95.84  95.4  19.13  45.2  31.28  73.6  83.70  83.5
RES GLU   681    79.80  45.8  75.42  57.1   4.38  10.4  19.36  37.5  60.43  49.3
RES ILE   682     4.91   2.8   0.07   0.1   4.84  11.7   0.07   0.0   4.84  13.1
RES LEU   683    69.93  38.9  69.93  50.0   0.00   0.0  69.93  49.1   0.00   0.0
RES GLN   684    48.85  27.3  34.43  25.2  14.42  34.3   4.69  10.0  44.16  33.5
RES ASN   685    73.39  50.6  69.25  66.9   4.14  10.0  35.73  86.0  37.66  36.4
RES HIS   686    51.29  28.0  24.28  16.9  27.01  69.1  15.29  15.8  35.99  41.9
RES THR   687    56.57  40.2  22.56  22.9  34.00  81.0  13.48  18.1  43.08  65.1
RES GLU   688    76.30  43.8  67.51  51.1   8.79  20.9  33.42  64.6  42.88  35.0
RES ILE   689    87.05  49.5  83.98  62.6   3.08   7.4  85.44  61.5   1.61   4.4
RES VAL   690    37.01  24.4  37.01  33.5   0.00   0.0  37.01  32.2   0.00   0.0
RES PHE   691     2.58   1.3   2.58   1.6   0.00   0.0   2.58   1.6   0.00   0.0
RES ALA   692     8.44   7.8   8.44  13.0   0.00   0.0   8.44  11.9   0.00   0.0
RES ARG   693    13.30   5.6  12.87   6.6   0.43   1.0   8.41  11.5   4.89   3.0
RES THR   694     6.36   4.5   6.36   6.4   0.00   0.0   3.49   4.7   2.87   4.3
RES SER   695    10.73   9.1  10.73  14.3   0.00   0.0   7.51  16.0   3.23   4.5
RES PRO   696     4.25   3.1   4.25   3.9   0.00   0.0   4.25   3.5   0.00   0.0
RES GLN   697    95.99  53.7  94.07  68.8   1.92   4.6  23.69  50.4  72.30  54.8
RES GLN   698   124.32  69.5 113.41  82.9  10.91  26.0  51.39 109.4  72.93  55.3
RES LYS   699    43.14  21.0  20.16  12.4  22.98  54.7  21.65  19.5  21.49  22.9
RES LEU   700   132.85  74.0 104.89  75.0  27.96  70.3 117.93  82.8  14.91  40.1
RES ILE   701    79.02  45.0  53.60  39.9  25.43  61.3  57.13  41.1  21.89  59.4
RES ILE   702    29.97  17.1  24.76  18.4   5.20  12.5  28.51  20.5   1.45   3.9
RES VAL   703    21.00  13.8  20.34  18.4   0.66   1.6  20.41  17.7   0.59   1.6
RES GLU   704   132.43  76.0 118.44  89.6  13.98  33.3  43.18  83.5  89.25  72.9
RES GLY   705    49.76  61.4   0.00   N/A  49.76  61.4  25.08  68.8  24.68  55.3
RES CYS   706    37.00  28.0   8.09   9.0  28.91  67.9  10.70  27.1  26.30  28.4
RES GLN   707   157.12  87.9 124.15  90.7  32.97  78.5  35.90  76.4 121.22  91.9
RES ARG   708    74.58  31.3  60.22  30.7  14.36  34.2  13.25  18.1  61.33  37.2
RES GLN   709   131.80  73.7 121.74  89.0  10.06  24.0  45.34  96.5  86.45  65.6
RES GLY   710    14.12  17.4   0.00   N/A  14.12  17.4   8.86  24.3   5.27  11.8
RES ALA   711    55.45  51.0  39.79  61.4  15.66  35.6  41.81  58.9  13.64  36.1
RES ILE   712   115.16  65.5  84.23  62.8  30.93  74.5  93.50  67.3  21.66  58.8
RES VAL   713    47.05  31.0  43.11  39.0   3.94   9.5  47.05  40.9   0.00   0.0
RES ALA   714    69.69  64.1  44.08  68.0  25.62  58.3  44.14  62.2  25.56  67.7
RES VAL   715    23.41  15.4  20.73  18.8   2.68   6.4  23.41  20.3   0.00   0.0
RES THR   716    50.18  35.7  30.66  31.1  19.53  46.5  10.33  13.9  39.85  60.2
RES GLY   717     2.44   3.0   0.00   N/A   2.44   3.0   2.44   6.7   0.00   0.0
RES ASP   718    46.16  32.3  44.98  44.8   1.18   2.8  25.27  59.5  20.89  20.8
RES GLY   719    22.72  28.0   0.00   N/A  22.72  28.0  21.47  58.9   1.25   2.8
RES VAL   720   124.05  81.6 116.96 105.9   7.10  17.1 120.08 104.3   3.97  10.8
RES ASN   721    87.24  60.2  66.05  63.8  21.19  51.0  38.96  93.8  48.28  46.7
RES ASP   722    35.54  24.9  34.71  34.5   0.83   2.0   0.92   2.2  34.62  34.5
RES SER   723    28.91  24.4  28.86  38.5   0.05   0.1   8.11  17.3  20.81  29.2
RES PRO   724    94.95  69.2  83.69  76.3  11.26  40.9  90.12  74.4   4.83  30.0
RES ALA   725    31.54  29.0  22.82  35.2   8.71  19.8  28.57  40.2   2.96   7.8
RES LEU   726     0.39   0.2   0.00   0.0   0.39   1.0   0.00   0.0   0.39   1.1
RES LYS   727   166.61  81.3 146.13  89.7  20.47  48.7  95.22  85.7  71.39  76.0
RES LYS   728   118.34  57.7 103.89  63.7  14.44  34.4  77.04  69.3  41.30  44.0
RES ALA   729     8.23   7.6   0.72   1.1   7.51  17.1   3.50   4.9   4.74  12.5
RES ASP   730    72.72  50.9  59.19  58.9  13.53  32.0  11.30  26.6  61.41  61.2
RES ILE   731    67.20  38.2  66.98  49.9   0.22   0.5  67.13  48.3   0.07   0.2
RES GLY   732     0.00   0.0   0.00   N/A   0.00   0.0   0.00   0.0   0.00   0.0
RES VAL   733    14.41   9.5  14.41  13.0   0.00   0.0  14.41  12.5   0.00   0.0
RES ALA   734     0.00   0.0   0.00   0.0   0.00   0.0   0.00   0.0   0.00   0.0
RES MET   735     1.66   0.9   1.66   1.1   0.00   0.0   1.66   1.4   0.00   0.0
RES GLY   736     0.09   0.1   0.00   N/A   0.09   0.1   0.02   0.1   0.06   0.1
RES ILE   737   113.53  64.6  98.17  73.1  15.37  37.0  98.30  70.8  15.24  41.3
RES ALA   738    48.12  44.2  13.71  21.2  34.41  78.3  22.97  32.3  25.15  66.6
RES GLY   739     6.31   7.8   0.00   N/A   6.31   7.8   0.33   0.9   5.98  13.4
RES SER   740    62.45  52.8  51.05  68.1  11.40  26.3  30.10  64.1  32.35  45.3
RES ASP   741   109.19  76.5 104.60 104.1   4.59  10.9  33.65  79.2  75.54  75.3
RES VAL   742    97.88  64.4  97.82  88.6   0.06   0.1  97.82  85.0   0.06   0.2
RES SER   743     3.03   2.6   2.53   3.4   0.50   1.1   0.34   0.7   2.69   3.8
RES LYS   744    74.72  36.5  68.19  41.8   6.53  15.5  23.09  20.8  51.63  55.0
RES GLN   745   146.49  81.9 113.80  83.2  32.69  77.8  51.97 110.6  94.52  71.7
RES ALA   746    42.36  39.0  14.01  21.6  28.35  64.5  26.52  37.4  15.84  42.0
RES ALA   747    15.96  14.7   0.00   0.0  15.96  36.3   0.00   0.0  15.96  42.3
RES ASP   748    90.39  63.3  55.84  55.6  34.55  81.7  19.88  46.8  70.51  70.3
RES MET   749    90.01  46.6  84.60  56.0   5.41  12.9  71.40  60.7  18.61  24.7
RES ILE   750    74.60  42.4  50.86  37.9  23.74  57.2  50.86  36.6  23.74  64.4
RES LEU   751    27.03  15.1  22.77  16.3   4.26  10.7  23.76  16.7   3.28   8.8
RES LEU   752    74.50  41.5  70.70  50.6   3.80   9.6  74.50  52.3   0.00   0.0
RES ASP   753    28.75  20.1  28.62  28.5   0.13   0.3   0.75   1.8  28.00  27.9
RES ASP   754    18.49  13.0  17.21  17.1   1.28   3.0   3.12   7.3  15.37  15.3
RES ASN   755    75.49  52.1  58.42  56.5  17.07  41.1  15.40  37.1  60.09  58.1
RES PHE   756   121.94  61.0 107.63  66.7  14.31  37.2 113.33  68.7   8.62  24.7
RES ALA   757     0.08   0.1   0.00   0.0   0.08   0.2   0.08   0.1   0.00   0.0
RES SER   758     1.00   0.8   0.16   0.2   0.84   1.9   0.14   0.3   0.86   1.2
RES ILE   759     7.37   4.2   3.67   2.7   3.70   8.9   6.27   4.5   1.10   3.0
RES VAL   760     3.07   2.0   3.07   2.8   0.00   0.0   3.07   2.7   0.00   0.0
RES THR   761    34.19  24.3  28.14  28.5   6.04  14.4  30.37  40.8   3.81   5.8
RES GLY   762    23.97  29.6   0.00   N/A  23.97  29.6  12.47  34.2  11.51  25.8
RES VAL   763    81.30  53.5  49.72  45.0  31.58  76.1  58.18  50.6  23.12  62.7
RES GLU   764   118.56  68.1  93.18  70.5  25.38  60.4  26.70  51.7  91.86  75.0
RES GLU   765   166.31  95.5  96.45  73.0  69.86 166.3  54.83 106.0 111.48  91.0
END  Absolute sums over single chains surface
CHAIN  1      12748.2      10074.1       2674.1       7397.3       5350.9
END  Absolute sums over all chains
TOTAL         12748.2      10074.1       2674.1       7397.3       5350.9
