prot_uniprotAcc	wt_residue	mut_residue	position	meta_merged	composition	polarity	volume	granthamScore	domains_all	domains_sig	domains_3Ddist	sasa	location_3state	disulfide_bin	intMet_bin	intramembrane_bin	naturalVariant_bin	dnaBinding_bin	activeSite_bin	nucleotideBinding_bin	lipidation_bin	site_bin	transmembrane_bin	crosslink_bin	mutagenesis_bin	strand_bin	helix_bin	turn_bin	metalBinding_bin	repeat_bin	caBinding_bin	topologicalDomain_bin	bindingSite_bin	region_bin	signalPeptide_bin	modifiedResidue_bin	zincFinger_bin	motif_bin	coiledCoil_bin	peptide_bin	transitPeptide_bin	glycosylation_bin	propeptide_bin	disulfide_dist	intMet_dist	intramembrane_dist	naturalVariant_dist	dnaBinding_dist	activeSite_dist	nucleotideBinding_dist	lipidation_dist	site_dist	transmembrane_dist	crosslink_dist	mutagenesis_dist	strand_dist	helix_dist	turn_dist	metalBinding_dist	repeat_dist	caBinding_dist	topologicalDomain_dist	bindingSite_dist	region_dist	signalPeptide_dist	modifiedResidue_dist	zincFinger_dist	motif_dist	coiledCoil_dist	peptide_dist	transitPeptide_dist	glycosylation_dist	propeptide_dist
P0DP23	A	T	148	P0DP23A148T	-0.71	-0.5	-30.0	58	NULL	NULL		76.4	surface	0	1	0	1	0	0	0	0	0	0	1	0	1	1	1	0	0	0	0	1	2	0	1	0	0	0	0	0	0	0	20.71	17.37	28.13	9.95	35.94	21.84	25.15	45.15	29.81	29.91	38.49	24.72	14.92	5.57	13.29	21.54	27.42	38.39	30.44	10.33	0.0	46.12	11.91	35.96	35.86	37.88	19.09	35.2	26.95	37.48
P0DP23	A	T	16	P0DP23A16T	-0.71	-0.5	-30.0	58	NULL	NULL				0	1	0	1	0	0	0	0	0	0	1	0	1	2	1	0	0	0	0	1	1	0	1	0	0	0	0	0	0	0	20.71	17.84	28.13	19.58	35.94	21.84	25.15	45.15	29.81	29.91	11.32	24.72	9.04	0.0	39.71	21.54	27.42	38.39	30.44	9.04	13.9	46.12	11.32	35.96	35.86	37.88	19.09	35.2	26.95	37.48
P0DP23	D	A	130	P0DP23D130A	1.38	4.9	23.0	126	NULL	NULL		17.7	surface	0	1	0	2	0	0	0	0	0	0	1	0	1	1	1	0	0	0	0	2	2	0	1	0	0	0	0	0	0	0	20.71	31.09	28.13	0.0	35.94	21.84	25.15	45.15	29.81	29.91	49.95	24.72	5.35	3.85	0.0	21.54	27.42	38.39	30.44	0.0	0.0	46.12	10.4	35.96	35.86	37.88	19.09	35.2	26.95	37.48
P0DP23	D	G	130	P0DP23D130G	0.64	4.0	51.0	94	NULL	NULL		17.7	surface	0	1	0	2	0	0	0	0	0	0	1	0	1	1	1	0	0	0	0	2	2	0	1	0	0	0	0	0	0	0	20.71	31.09	28.13	0.0	35.94	21.84	25.15	45.15	29.81	29.91	49.95	24.72	5.35	3.85	0.0	21.54	27.42	38.39	30.44	0.0	0.0	46.12	10.4	35.96	35.86	37.88	19.09	35.2	26.95	37.48
P0DP23	D	E	132	P0DP23D132E	0.46	0.7	-29.0	45	NULL	NULL		67.9	surface	0	1	0	1	0	0	0	0	0	0	1	0	1	1	1	0	0	0	0	2	2	0	1	0	0	0	0	0	0	0	20.71	33.78	28.13	5.72	35.94	21.84	25.15	45.15	29.81	29.91	52.33	24.72	3.86	8.7	0.0	21.54	27.42	38.39	30.44	0.0	0.0	46.12	12.06	35.96	35.86	37.88	19.09	35.2	26.95	37.48
P0DP23	D	N	132	P0DP23D132N	0.05	1.4	-2.0	23	NULL	NULL		67.9	surface	0	1	0	1	0	0	0	0	0	0	1	0	1	1	1	0	0	0	0	2	2	0	1	0	0	0	0	0	0	0	20.71	33.78	28.13	5.72	35.94	21.84	25.15	45.15	29.81	29.91	52.33	24.72	3.86	8.7	0.0	21.54	27.42	38.39	30.44	0.0	0.0	46.12	12.06	35.96	35.86	37.88	19.09	35.2	26.95	37.48
P0DP23	D	V	132	P0DP23D132V	1.38	7.1	-30.0	152	NULL	NULL		67.9	surface	0	1	0	1	0	0	0	0	0	0	1	0	1	1	1	0	0	0	0	2	2	0	1	0	0	0	0	0	0	0	20.71	33.78	28.13	5.72	35.94	21.84	25.15	45.15	29.81	29.91	52.33	24.72	3.86	8.7	0.0	21.54	27.42	38.39	30.44	0.0	0.0	46.12	12.06	35.96	35.86	37.88	19.09	35.2	26.95	37.48
P0DP23	D	H	134	P0DP23D134H	0.8	2.6	-42.0	81	NULL	NULL		54.1	surface	0	1	0	1	0	0	0	0	0	0	1	0	2	1	1	0	0	0	0	2	2	0	1	0	0	0	0	0	0	0	20.71	37.57	28.13	6.91	35.94	21.84	25.15	45.15	29.81	29.91	55.11	24.72	0.0	9.54	5.83	21.54	27.42	38.39	30.44	0.0	0.0	46.12	10.14	35.96	35.86	37.88	19.09	35.2	26.95	37.48
P0DP23	E	A	105	P0DP23E105A	0.92	4.2	52.0	107	NULL	NULL		11.3	surface	0	1	0	1	0	0	0	0	0	0	1	0	1	2	1	0	0	0	0	2	2	0	1	0	0	0	0	0	0	0	20.71	35.77	28.13	10.69	35.94	21.84	25.15	45.15	29.81	29.91	49.51	24.72	6.16	0.0	14.55	21.54	27.42	38.39	30.44	0.0	0.0	46.12	5.21	35.96	35.86	37.88	19.09	35.2	26.95	37.48
P0DP23	E	K	105	P0DP23E105K	0.59	1.0	-36.0	56	NULL	NULL		11.3	surface	0	1	0	1	0	0	0	0	0	0	1	0	1	2	1	0	0	0	0	2	2	0	1	0	0	0	0	0	0	0	20.71	35.77	28.13	10.69	35.94	21.84	25.15	45.15	29.81	29.91	49.51	24.72	6.16	0.0	14.55	21.54	27.42	38.39	30.44	0.0	0.0	46.12	5.21	35.96	35.86	37.88	19.09	35.2	26.95	37.48
P0DP23	E	V	140	P0DP23E140V	0.92	6.4	-1.0	121	NULL	NULL		73.4	surface	0	1	0	1	0	0	0	0	0	0	1	0	1	2	1	0	0	0	0	1	2	0	1	0	0	0	0	0	0	0	20.71	26.52	28.13	3.85	35.94	21.84	25.15	45.15	29.81	29.91	42.29	24.72	5.67	0.0	9.47	21.54	27.42	38.39	30.44	3.85	0.0	46.12	3.86	35.96	35.86	37.88	19.09	35.2	26.95	37.48
P0DP23	E	G	141	P0DP23E141G	0.18	3.3	80.0	98	NULL	NULL		4.0	core	0	1	0	2	0	0	0	0	0	0	1	0	1	2	1	0	0	0	0	2	2	0	1	0	0	0	0	0	0	0	20.71	26.62	28.13	0.0	35.94	21.84	25.15	45.15	29.81	29.91	44.07	24.72	5.36	0.0	6.44	21.54	27.42	38.39	30.44	0.0	0.0	46.12	5.52	35.96	35.86	37.88	19.09	35.2	26.95	37.48
P0DP23	E	V	141	P0DP23E141V	0.92	6.4	-1.0	121	NULL	NULL		4.0	core	0	1	0	2	0	0	0	0	0	0	1	0	1	2	1	0	0	0	0	2	2	0	1	0	0	0	0	0	0	0	20.71	26.62	28.13	0.0	35.94	21.84	25.15	45.15	29.81	29.91	44.07	24.72	5.36	0.0	6.44	21.54	27.42	38.39	30.44	0.0	0.0	46.12	5.52	35.96	35.86	37.88	19.09	35.2	26.95	37.48
P0DP23	F	L	142	P0DP23F142L	0.0	0.3	21.0	22	NULL	NULL		4.5	core	0	1	0	2	0	0	0	0	0	0	1	0	1	2	1	0	0	0	0	1	2	0	1	0	0	0	0	0	0	0	20.71	25.26	28.13	0.0	35.94	21.84	25.15	45.15	29.81	29.91	41.82	24.72	6.18	0.0	8.61	21.54	27.42	38.39	30.44	3.83	0.0	46.12	5.04	35.96	35.86	37.88	19.09	35.2	26.95	37.48
P0DP23	F	L	90	P0DP23F90L	0.0	0.3	21.0	22	NULL	NULL				0	1	0	2	0	0	0	0	0	0	1	0	1	2	1	0	0	0	0	1	2	0	1	0	0	0	0	0	0	0	20.71	27.79	28.13	0.0	35.94	21.84	25.15	45.15	29.81	29.91	40.13	24.72	6.02	0.0	14.38	21.54	27.42	38.39	30.44	6.02	0.0	46.12	6.96	35.96	35.86	37.88	19.09	35.2	26.95	37.48
P0DP23	G	E	133	P0DP23G133E	-0.18	-3.3	-80.0	98	NULL	NULL		73.1	surface	0	1	0	1	0	0	0	0	0	0	1	0	1	1	1	0	0	0	0	1	2	0	1	0	0	0	0	0	0	0	20.71	35.8	28.13	5.35	35.94	21.84	25.15	45.15	29.81	29.91	54.74	24.72	0.0	7.68	3.86	21.54	27.42	38.39	30.44	3.86	0.0	46.12	12.45	35.96	35.86	37.88	19.09	35.2	26.95	37.48
P0DP23	I	V	10	P0DP23I10V	0.0	-0.7	27.0	29	NULL	NULL				0	1	0	1	0	0	0	0	0	0	1	0	1	2	1	0	0	0	0	1	1	0	1	0	0	0	0	0	0	0	20.71	11.46	28.13	22.46	35.94	21.84	25.15	45.15	29.81	29.91	18.82	24.72	13.85	0.0	36.06	21.54	27.42	38.39	30.44	12.75	13.0	46.12	8.02	35.96	35.86	37.88	19.09	35.2	26.95	37.48
P0DP23	I	T	131	P0DP23I131T	-0.71	-3.4	50.0	89	NULL	NULL		64.4	surface	0	1	0	1	0	0	0	0	0	0	1	0	1	1	2	0	0	0	0	1	2	0	1	0	0	0	0	0	0	0	20.71	30.46	28.13	3.85	35.94	21.84	25.15	45.15	29.81	29.91	49.89	24.72	5.57	5.83	0.0	21.54	27.42	38.39	30.44	3.83	0.0	46.12	11.4	35.96	35.86	37.88	19.09	35.2	26.95	37.48
P0DP23	N	I	54	P0DP23N54I	1.33	6.4	-55.0	149	NULL	NULL				0	1	0	2	0	0	0	0	0	0	1	0	1	2	1	0	0	0	0	1	1	0	1	0	0	0	0	0	0	0	20.71	18.67	28.13	0.0	35.94	21.84	25.15	45.15	29.81	29.91	19.83	24.72	7.0	0.0	38.9	21.54	27.42	38.39	30.44	5.02	18.69	46.12	14.28	35.96	35.86	37.88	19.09	35.2	26.95	37.48
P0DP23	N	S	54	P0DP23N54S	-0.09	2.4	24.0	46	NULL	NULL				0	1	0	2	0	0	0	0	0	0	1	0	1	2	1	0	0	0	0	1	1	0	1	0	0	0	0	0	0	0	20.71	18.67	28.13	0.0	35.94	21.84	25.15	45.15	29.81	29.91	19.83	24.72	7.0	0.0	38.9	21.54	27.42	38.39	30.44	5.02	18.69	46.12	14.28	35.96	35.86	37.88	19.09	35.2	26.95	37.48
P0DP23	N	I	98	P0DP23N98I	1.33	6.4	-55.0	149	NULL	NULL				0	1	0	2	0	0	0	0	0	0	1	0	2	1	1	0	0	0	0	2	2	0	1	0	0	0	0	0	0	0	20.71	37.99	28.13	0.0	35.94	21.84	25.15	45.15	29.81	29.91	49.29	24.72	0.0	9.77	15.94	21.54	27.42	38.39	30.44	0.0	0.0	46.12	5.69	35.96	35.86	37.88	19.09	35.2	26.95	37.48
P0DP23	N	S	98	P0DP23N98S	-0.09	2.4	24.0	46	NULL	NULL				0	1	0	2	0	0	0	0	0	0	1	0	2	1	1	0	0	0	0	2	2	0	1	0	0	0	0	0	0	0	20.71	37.99	28.13	0.0	35.94	21.84	25.15	45.15	29.81	29.91	49.29	24.72	0.0	9.77	15.94	21.54	27.42	38.39	30.44	0.0	0.0	46.12	5.69	35.96	35.86	37.88	19.09	35.2	26.95	37.48
P0DP23	P	S	67	P0DP23P67S	-1.03	-1.2	0.5	74	NULL	NULL				0	1	0	1	0	0	0	0	0	0	1	0	1	2	1	0	0	0	0	1	1	0	1	0	0	0	0	0	0	0	20.71	8.98	28.13	14.26	35.94	21.84	25.15	45.15	29.81	29.91	17.2	24.72	5.61	0.0	38.02	21.54	27.42	38.39	30.44	3.87	15.09	46.12	7.31	35.96	35.86	37.88	19.09	35.2	26.95	37.48
P0DP23	Q	P	136	P0DP23Q136P	0.5	2.5	52.5	76	NULL	NULL		35.5	surface	0	1	0	1	0	0	0	0	0	0	1	0	2	1	1	0	0	0	0	2	2	0	1	0	0	0	0	0	0	0	20.71	34.85	28.13	6.16	35.94	21.84	25.15	45.15	29.81	29.91	51.47	24.72	0.0	6.52	6.16	21.54	27.42	38.39	30.44	0.0	0.0	46.12	4.96	35.96	35.86	37.88	19.09	35.2	26.95	37.48
P0DP23	Q	E	144	P0DP23Q144E	-0.03	-1.8	2.0	29	NULL	NULL		54.0	surface	0	1	0	1	0	0	0	0	0	0	1	0	1	2	1	0	0	0	0	1	2	0	1	0	0	0	0	0	0	0	20.71	21.73	28.13	4.99	35.94	21.84	25.15	45.15	29.81	29.91	40.36	24.72	10.02	0.0	9.58	21.54	27.42	38.39	30.44	4.99	0.0	46.12	8.62	35.96	35.86	37.88	19.09	35.2	26.95	37.48
P0DP23	R	C	107	P0DP23R107C	-2.1	5.0	69.0	180	NULL	NULL		37.9	surface	0	1	0	1	0	0	0	0	0	0	1	0	1	2	1	0	0	0	0	1	2	0	1	0	0	0	0	0	0	0	20.71	35.02	28.13	13.72	35.94	21.84	25.15	45.15	29.81	29.91	50.19	24.72	8.74	0.0	15.53	21.54	27.42	38.39	30.44	5.41	0.0	46.12	5.99	35.96	35.86	37.88	19.09	35.2	26.95	37.48
P0DP23	S	R	82	P0DP23S82R	0.77	-1.3	-92.0	110	NULL	NULL				0	1	0	1	0	0	0	0	0	0	1	0	1	2	1	0	0	0	0	1	2	0	2	0	0	0	0	0	0	0	20.71	17.18	28.13	11.61	35.94	21.84	25.15	45.15	29.81	29.91	30.01	24.72	16.55	0.0	20.14	21.54	27.42	38.39	30.44	14.31	0.0	46.12	0.0	35.96	35.86	37.88	19.09	35.2	26.95	37.48
P0DP23	T	P	30	P0DP23T30P	0.32	0.6	28.5	38	NULL	NULL				0	1	0	1	0	0	0	0	0	0	1	0	1	1	1	0	0	0	0	1	1	0	1	0	0	0	0	0	0	0	20.71	23.94	28.13	10.18	35.94	21.84	25.15	45.15	29.81	29.91	11.76	24.72	6.88	0.0	45.64	21.54	27.42	38.39	30.44	5.62	21.94	46.12	9.74	35.96	35.86	37.88	19.09	35.2	26.95	37.48
P0DP23	V	I	109	P0DP23V109I	0.0	0.7	-27.0	29	NULL	NULL		5.2	surface	0	1	0	1	0	0	0	0	0	0	1	0	1	2	1	0	0	0	0	1	2	0	1	0	0	0	0	0	0	0	20.71	32.81	28.13	10.81	35.94	21.84	25.15	45.15	29.81	29.91	45.7	24.72	6.35	0.0	17.85	21.54	27.42	38.39	30.44	6.17	0.0	46.12	5.42	35.96	35.86	37.88	19.09	35.2	26.95	37.48
P0DP23	V	L	143	P0DP23V143L	0.0	1.0	-27.0	32	NULL	NULL		25.7	surface	0	1	0	1	0	0	0	0	0	0	1	0	1	2	1	0	0	0	0	1	2	0	1	0	0	0	0	0	0	0	20.71	22.32	28.13	3.86	35.94	21.84	25.15	45.15	29.81	29.91	38.7	24.72	8.69	0.0	11.46	21.54	27.42	38.39	30.44	5.41	0.0	46.12	6.1	35.96	35.86	37.88	19.09	35.2	26.95	37.48
