prot_uniprotAcc	wt_residue	mut_residue	position	meta_merged	composition	polarity	volume	granthamScore	domains_all	domains_sig	domains_3Ddist	sasa	location_3state	disulfide_bin	intMet_bin	intramembrane_bin	naturalVariant_bin	dnaBinding_bin	activeSite_bin	nucleotideBinding_bin	lipidation_bin	site_bin	transmembrane_bin	crosslink_bin	mutagenesis_bin	strand_bin	helix_bin	turn_bin	metalBinding_bin	repeat_bin	caBinding_bin	topologicalDomain_bin	bindingSite_bin	region_bin	signalPeptide_bin	modifiedResidue_bin	zincFinger_bin	motif_bin	coiledCoil_bin	peptide_bin	transitPeptide_bin	glycosylation_bin	propeptide_bin	disulfide_dist	intMet_dist	intramembrane_dist	naturalVariant_dist	dnaBinding_dist	activeSite_dist	nucleotideBinding_dist	lipidation_dist	site_dist	transmembrane_dist	crosslink_dist	mutagenesis_dist	strand_dist	helix_dist	turn_dist	metalBinding_dist	repeat_dist	caBinding_dist	topologicalDomain_dist	bindingSite_dist	region_dist	signalPeptide_dist	modifiedResidue_dist	zincFinger_dist	motif_dist	coiledCoil_dist	peptide_dist	transitPeptide_dist	glycosylation_dist	propeptide_dist
P04637	A	D	276	P04637A276D	-1.38	-4.9	-23.0	126	IPR008967	IPR008967	27.9	0.0	conflict	0	0	0	2	2	0	0	0	1	0	1	1	1	1	1	0	0	0	0	1	2	0	1	0	1	0	0	0	0	0				0.0	0.0							10.34	3.86	5.19	6.44					11.34	0.0		10.34							
P04637	A	E	76	P04637A76E	-0.92	-4.2	-52.0	107	IPR008967	IPR008967	30.42	89.1	interface	0	0	0	2	1	0	0	0	1	0	1	1	1	1	1	0	0	0	0	1	2	0	1	0	1	0	0	0	0	0				0.0	7.25				9.87			26.72	7.25	20.77	8.86					13.71	0.0		9.87							
P04637	A	E	83	P04637A83E	-0.92	-4.2	-52.0	107	IPR008967	IPR008967	9.75	19.4	interface	0	0	0	2	1	0	0	0	1	0	1	1	1	1	1	0	0	0	0	1	2	0	1	0	1	0	0	0	0	0				0.0	5.02				19.55			14.38	6.23	10.49	11.9					12.51	0.0		19.55							
P04637	A	G	276	P04637A276G	-0.74	-0.9	28.0	60	IPR008967	IPR008967	27.9	0.0	conflict	0	0	0	2	2	0	0	0	1	0	1	1	1	1	1	0	0	0	0	1	2	0	1	0	1	0	0	0	0	0				0.0	0.0							10.34	3.86	5.19	6.44					11.34	0.0		10.34							
P04637	A	G	63	P04637A63G	-0.74	-0.9	28.0	60	IPR008967	IPR008967	30.46			0	0	0	2	1	0	0	0	1	0	1	1	1	1	1	0	0	0	0	1	2	0	1	0	1	0	0	0	0	0				0.0	5.11				37.0			9.2	5.11	10.55	14.28					12.16	0.0		9.2							
P04637	A	G	78	P04637A78G	-0.74	-0.9	28.0	60	IPR008967	IPR008967	25.78	7.4	interface	0	0	0	2	1	0	0	0	1	0	1	1	1	1	1	0	0	0	0	1	2	0	1	0	1	0	0	0	0	0				0.0	4.98				9.4			26.55	4.98	17.18	9.87					10.94	0.0		9.4							
P04637	A	P	138	P04637A138P	-0.39	0.1	-1.5	27	IPR008967	IPR008967	24.52	0.0	conflict	0	0	0	2	2	0	0	0	1	0	1	1	1	1	1	0	0	0	0	1	2	0	1	0	1	0	0	0	0	0				0.0	0.0							10.52	4.93	15.0	5.87					13.89	0.0		10.52							
P04637	A	T	355	P04637A355T	-0.71	-0.5	-30.0	58	IPR010991	IPR010991	18.73	47.2	interface	0	0	0	1	1	0	0	0	1	0	1	1	1	1	1	0	0	0	0	1	2	0	1	0	1	0	0	0	0	0				3.83								26.59	19.26	3.83							0.0		26.59		8.32					
P04637	A	T	84	P04637A84T	-0.71	-0.5	-30.0	58	IPR008967	IPR008967	8.04	41.3	interface	0	0	0	2	1	0	0	0	1	0	1	1	1	1	1	0	0	0	0	1	2	0	1	0	1	0	0	0	0	0				0.0	5.68				21.72			13.31	5.68	13.54	11.24					14.08	0.0		21.72							
P04637	A	V	189	P04637A189V	0.0	2.2	-53.0	64	IPR008967	IPR008967	18.58	14.6	surface	0	0	0	2	2	0	0	0	1	0	1	1	1	1	1	0	0	0	0	1	2	0	1	0	1	0	0	0	0	0				0.0	0.0							17.92	5.54	5.2	8.4					8.07	0.0		17.92							
P04637	A	V	63	P04637A63V	0.0	2.2	-53.0	64	IPR008967	IPR008967	30.46			0	0	0	2	1	0	0	0	1	0	1	1	1	1	1	0	0	0	0	1	2	0	1	0	1	0	0	0	0	0				0.0	5.11				37.0			9.2	5.11	10.55	14.28					12.16	0.0		9.2							
P04637	A	V	74	P04637A74V	0.0	2.2	-53.0	64	IPR008967	IPR008967	24.84	48.4	interface	0	0	0	2	1	0	0	0	1	0	1	1	1	1	1	0	0	0	0	1	2	0	1	0	1	0	0	0	0	0				0.0	5.13				12.76			23.29	5.13	14.29	9.43					7.57	0.0		12.76							
P04637	A	V	83	P04637A83V	0.0	2.2	-53.0	64	IPR008967	IPR008967	9.75	19.4	interface	0	0	0	2	1	0	0	0	1	0	1	1	1	1	1	0	0	0	0	1	2	0	1	0	1	0	0	0	0	0				0.0	5.02				19.55			14.38	6.23	10.49	11.9					12.51	0.0		19.55							
P04637	C	F	135	P04637C135F	2.75	0.3	-77.0	205	IPR008967	IPR008967	25.79	43.0	surface	0	0	0	2	2	0	0	0	1	0	1	1	1	1	1	0	0	0	0	1	2	0	1	0	1	0	0	0	0	0				0.0	0.0							13.39	0.0	12.65	10.48					9.4	0.0		13.39							
P04637	C	F	141	P04637C141F	2.75	0.3	-77.0	205	IPR008967	IPR008967	24.7	0.0	core	0	0	0	2	2	0	0	0	1	0	1	1	1	1	1	0	0	0	0	1	2	0	1	0	1	0	0	0	0	0				0.0	0.0							15.13	0.0	19.73	5.41					22.36	0.0		15.13							
P04637	C	F	176	P04637C176F	2.75	0.3	-77.0	205	IPR008967	IPR008967	24.15	29.4	surface	0	0	0	2	2	0	0	0	1	0	1	1	1	1	1	0	0	0	0	2	2	0	1	0	1	0	0	0	0	0				0.0	0.0							18.06	6.7	3.82	12.0					0.0	0.0		18.06							
P04637	C	F	238	P04637C238F	2.75	0.3	-77.0	205	IPR008967	IPR008967	21.97	14.7	surface	0	0	0	2	2	0	0	0	1	0	1	1	1	1	1	0	0	0	0	2	2	0	1	0	1	0	0	0	0	0				0.0	0.0							10.11	3.79	8.79	7.73					0.0	0.0		10.11							
P04637	C	F	275	P04637C275F	2.75	0.3	-77.0	205	IPR008967	IPR008967	30.15	24.0	surface	0	0	0	2	2	0	0	0	1	0	1	1	1	1	1	0	0	0	0	1	2	0	1	0	1	0	0	0	0	0				0.0	0.0							13.18	0.03	6.2	9.26					11.13	0.0		13.18							
P04637	C	F	277	P04637C277F	2.75	0.3	-77.0	205	IPR008967	IPR008967	31.52	52.9	interface	0	0	0	2	2	0	0	0	1	0	1	1	1	1	1	0	0	0	0	1	2	0	1	0	1	0	0	0	0	0				0.0	0.0							10.56	5.48	3.8	10.08					15.24	0.0		10.56							
P04637	C	G	141	P04637C141G	2.01	-3.5	52.0	159	IPR008967	IPR008967	24.7	0.0	core	0	0	0	2	2	0	0	0	1	0	1	1	1	1	1	0	0	0	0	1	2	0	1	0	1	0	0	0	0	0				0.0	0.0							15.13	0.0	19.73	5.41					22.36	0.0		15.13							
P04637	C	G	176	P04637C176G	2.01	-3.5	52.0	159	IPR008967	IPR008967	24.15	29.4	surface	0	0	0	2	2	0	0	0	1	0	1	1	1	1	1	0	0	0	0	2	2	0	1	0	1	0	0	0	0	0				0.0	0.0							18.06	6.7	3.82	12.0					0.0	0.0		18.06							
P04637	C	G	238	P04637C238G	2.01	-3.5	52.0	159	IPR008967	IPR008967	21.97	14.7	surface	0	0	0	2	2	0	0	0	1	0	1	1	1	1	1	0	0	0	0	2	2	0	1	0	1	0	0	0	0	0				0.0	0.0							10.11	3.79	8.79	7.73					0.0	0.0		10.11							
P04637	C	R	135	P04637C135R	2.1	-5.0	-69.0	180	IPR008967	IPR008967	25.79	43.0	surface	0	0	0	2	2	0	0	0	1	0	1	1	1	1	1	0	0	0	0	1	2	0	1	0	1	0	0	0	0	0				0.0	0.0							13.39	0.0	12.65	10.48					9.4	0.0		13.39							
P04637	C	R	141	P04637C141R	2.1	-5.0	-69.0	180	IPR008967	IPR008967	24.7	0.0	core	0	0	0	2	2	0	0	0	1	0	1	1	1	1	1	0	0	0	0	1	2	0	1	0	1	0	0	0	0	0				0.0	0.0							15.13	0.0	19.73	5.41					22.36	0.0		15.13							
P04637	C	R	176	P04637C176R	2.1	-5.0	-69.0	180	IPR008967	IPR008967	24.15	29.4	surface	0	0	0	2	2	0	0	0	1	0	1	1	1	1	1	0	0	0	0	2	2	0	1	0	1	0	0	0	0	0				0.0	0.0							18.06	6.7	3.82	12.0					0.0	0.0		18.06							
P04637	C	R	229	P04637C229R	2.1	-5.0	-69.0	180	IPR008967	IPR008967	24.26	0.0	core	0	0	0	2	2	0	0	0	1	0	1	1	2	1	1	0	0	0	0	1	2	0	1	0	1	0	0	0	0	0				0.0	0.0							15.59	0.0	16.01	6.74					16.66	0.0		15.59							
P04637	C	R	238	P04637C238R	2.1	-5.0	-69.0	180	IPR008967	IPR008967	21.97	14.7	surface	0	0	0	2	2	0	0	0	1	0	1	1	1	1	1	0	0	0	0	2	2	0	1	0	1	0	0	0	0	0				0.0	0.0							10.11	3.79	8.79	7.73					0.0	0.0		10.11							
P04637	C	R	242	P04637C242R	2.1	-5.0	-69.0	180	IPR008967	IPR008967	17.52	2.1	conflict	0	0	0	2	2	0	0	0	1	0	1	1	1	1	1	0	0	0	0	2	2	0	1	0	1	0	0	0	0	0				0.0	0.0							14.43	8.25	0.0	3.79					0.0	0.0		14.43							
P04637	C	R	275	P04637C275R	2.1	-5.0	-69.0	180	IPR008967	IPR008967	30.15	24.0	surface	0	0	0	2	2	0	0	0	1	0	1	1	1	1	1	0	0	0	0	1	2	0	1	0	1	0	0	0	0	0				0.0	0.0							13.18	0.03	6.2	9.26					11.13	0.0		13.18							
P04637	C	S	124	P04637C124S	1.33	-3.7	23.0	112	IPR008967	IPR008967	25.39	0.0	conflict	0	0	0	2	2	0	0	0	1	0	1	1	1	1	1	0	0	0	0	1	2	0	1	0	1	0	0	0	0	0				0.0	0.0							10.11	0.0	7.02	3.8					18.24	0.0		10.11							
P04637	C	S	141	P04637C141S	1.33	-3.7	23.0	112	IPR008967	IPR008967	24.7	0.0	core	0	0	0	2	2	0	0	0	1	0	1	1	1	1	1	0	0	0	0	1	2	0	1	0	1	0	0	0	0	0				0.0	0.0							15.13	0.0	19.73	5.41					22.36	0.0		15.13							
P04637	C	S	238	P04637C238S	1.33	-3.7	23.0	112	IPR008967	IPR008967	21.97	14.7	surface	0	0	0	2	2	0	0	0	1	0	1	1	1	1	1	0	0	0	0	2	2	0	1	0	1	0	0	0	0	0				0.0	0.0							10.11	3.79	8.79	7.73					0.0	0.0		10.11							
P04637	C	W	238	P04637C238W	2.62	0.1	-115.0	215	IPR008967	IPR008967	21.97	14.7	surface	0	0	0	2	2	0	0	0	1	0	1	1	1	1	1	0	0	0	0	2	2	0	1	0	1	0	0	0	0	0				0.0	0.0							10.11	3.79	8.79	7.73					0.0	0.0		10.11							
P04637	C	W	242	P04637C242W	2.62	0.1	-115.0	215	IPR008967	IPR008967	17.52	2.1	conflict	0	0	0	2	2	0	0	0	1	0	1	1	1	1	1	0	0	0	0	2	2	0	1	0	1	0	0	0	0	0				0.0	0.0							14.43	8.25	0.0	3.79					0.0	0.0		14.43							
P04637	C	W	275	P04637C275W	2.62	0.1	-115.0	215	IPR008967	IPR008967	30.15	24.0	surface	0	0	0	2	2	0	0	0	1	0	1	1	1	1	1	0	0	0	0	1	2	0	1	0	1	0	0	0	0	0				0.0	0.0							13.18	0.03	6.2	9.26					11.13	0.0		13.18							
P04637	C	Y	135	P04637C135Y	2.55	-0.7	-81.0	194	IPR008967	IPR008967	25.79	43.0	surface	0	0	0	2	2	0	0	0	1	0	1	1	1	1	1	0	0	0	0	1	2	0	1	0	1	0	0	0	0	0				0.0	0.0							13.39	0.0	12.65	10.48					9.4	0.0		13.39							
P04637	C	Y	141	P04637C141Y	2.55	-0.7	-81.0	194	IPR008967	IPR008967	24.7	0.0	core	0	0	0	2	2	0	0	0	1	0	1	1	1	1	1	0	0	0	0	1	2	0	1	0	1	0	0	0	0	0				0.0	0.0							15.13	0.0	19.73	5.41					22.36	0.0		15.13							
P04637	C	Y	176	P04637C176Y	2.55	-0.7	-81.0	194	IPR008967	IPR008967	24.15	29.4	surface	0	0	0	2	2	0	0	0	1	0	1	1	1	1	1	0	0	0	0	2	2	0	1	0	1	0	0	0	0	0				0.0	0.0							18.06	6.7	3.82	12.0					0.0	0.0		18.06							
P04637	C	Y	238	P04637C238Y	2.55	-0.7	-81.0	194	IPR008967	IPR008967	21.97	14.7	surface	0	0	0	2	2	0	0	0	1	0	1	1	1	1	1	0	0	0	0	2	2	0	1	0	1	0	0	0	0	0				0.0	0.0							10.11	3.79	8.79	7.73					0.0	0.0		10.11							
P04637	C	Y	242	P04637C242Y	2.55	-0.7	-81.0	194	IPR008967	IPR008967	17.52	2.1	conflict	0	0	0	2	2	0	0	0	1	0	1	1	1	1	1	0	0	0	0	2	2	0	1	0	1	0	0	0	0	0				0.0	0.0							14.43	8.25	0.0	3.79					0.0	0.0		14.43							
P04637	C	Y	275	P04637C275Y	2.55	-0.7	-81.0	194	IPR008967	IPR008967	30.15	24.0	surface	0	0	0	2	2	0	0	0	1	0	1	1	1	1	1	0	0	0	0	1	2	0	1	0	1	0	0	0	0	0				0.0	0.0							13.18	0.03	6.2	9.26					11.13	0.0		13.18							
P04637	D	A	281	P04637D281A	1.38	4.9	23.0	126	IPR008967	IPR008967	30.77	23.7	interface	0	0	0	2	2	0	0	0	1	0	1	1	1	2	1	0	0	0	0	1	2	0	1	0	1	0	0	0	0	0				0.0	0.0							6.04	9.17	0.0	10.38					18.12	0.0		6.04							
P04637	D	E	186	P04637D186E	0.46	0.7	-29.0	45	IPR008967	IPR008967				0	0	0	2	2	0	0	0	1	0	1	1	1	1	1	0	0	0	0	1	2	0	1	0	1	0	0	0	0	0				0.0	0.0																0.0									
P04637	D	E	21	P04637D21E	0.46	0.7	-29.0	45	IPR013872	domainX	6.4			0	0	0	1	1	0	0	0	1	0	1	1	1	1	1	0	0	0	0	1	2	0	1	0	2	0	0	0	0	0				5.28							5.28	3.81	17.94	0.0							0.0		3.81		0.0					
P04637	D	G	259	P04637D259G	0.64	4.0	51.0	94	IPR008967	IPR008967	20.63	44.6	interface	0	0	0	2	2	0	0	0	1	0	1	1	1	1	1	0	0	0	0	1	2	0	1	0	1	0	0	0	0	0				0.0	0.0							28.54	0.03	22.87	16.78					23.11	0.0		28.54							
P04637	D	G	281	P04637D281G	0.64	4.0	51.0	94	IPR008967	IPR008967	30.77	23.7	interface	0	0	0	2	2	0	0	0	1	0	1	1	1	2	1	0	0	0	0	1	2	0	1	0	1	0	0	0	0	0				0.0	0.0							6.04	9.17	0.0	10.38					18.12	0.0		6.04							
P04637	D	G	324	P04637D324G	0.64	4.0	51.0	94	IPR010991	IPR010991				0	0	0	2	1	0	0	0	1	0	1	1	1	1	1	0	0	0	0	1	2	0	1	0	1	0	0	0	0	0				0.0																	0.0									
P04637	D	G	49	P04637D49G	0.64	4.0	51.0	94	IPR013872	domainX				0	0	0	2	1	0	0	0	1	0	1	1	1	2	1	0	0	0	0	1	2	0	1	0	2	0	0	0	0	0				0.0								5.1	19.57	0.0							0.0		5.1		0.0					
P04637	D	G	57	P04637D57G	0.64	4.0	51.0	94	IPR013872	domainX				0	0	0	1	1	0	0	0	1	0	1	1	1	1	1	0	0	0	0	1	2	0	1	0	1	0	0	0	0	0																					0.0									
P04637	D	G	61	P04637D61G	0.64	4.0	51.0	94	IPR013872	domainX	73.74			0	0	0	2	1	0	0	0	1	0	1	1	1	1	1	0	0	0	0	1	2	0	1	0	1	0	0	0	0	0				0.0	11.0				21.84		31.68	15.5	12.57	15.5	11.0					25.22	0.0		15.5		13.12					
P04637	D	H	281	P04637D281H	0.8	2.6	-42.0	81	IPR008967	IPR008967	30.77	23.7	interface	0	0	0	2	2	0	0	0	1	0	1	1	1	2	1	0	0	0	0	1	2	0	1	0	1	0	0	0	0	0				0.0	0.0							6.04	9.17	0.0	10.38					18.12	0.0		6.04							
P04637	D	H	324	P04637D324H	0.8	2.6	-42.0	81	IPR010991	IPR010991				0	0	0	2	1	0	0	0	1	0	1	1	1	1	1	0	0	0	0	1	2	0	1	0	1	0	0	0	0	0				0.0																	0.0									
P04637	D	H	49	P04637D49H	0.8	2.6	-42.0	81	IPR013872	domainX				0	0	0	2	1	0	0	0	1	0	1	1	1	2	1	0	0	0	0	1	2	0	1	0	2	0	0	0	0	0				0.0								5.1	19.57	0.0							0.0		5.1		0.0					
P04637	D	H	7	P04637D7H	0.8	2.6	-42.0	81	IPR013872	domainX	5.43			0	0	0	2	1	0	0	0	1	0	1	1	1	1	1	0	0	0	0	1	2	0	1	0	1	0	0	0	0	0				0.0	65.54				86.64		11.83	9.79	13.82	3.82	3.79					90.39	0.0		5.42		9.79					
P04637	D	N	186	P04637D186N	0.05	1.4	-2.0	23	IPR008967	IPR008967				0	0	0	2	2	0	0	0	1	0	1	1	1	1	1	0	0	0	0	1	2	0	1	0	1	0	0	0	0	0				0.0	0.0																0.0									
P04637	D	N	281	P04637D281N	0.05	1.4	-2.0	23	IPR008967	IPR008967	30.77	23.7	interface	0	0	0	2	2	0	0	0	1	0	1	1	1	2	1	0	0	0	0	1	2	0	1	0	1	0	0	0	0	0				0.0	0.0							6.04	9.17	0.0	10.38					18.12	0.0		6.04							
P04637	D	N	324	P04637D324N	0.05	1.4	-2.0	23	IPR010991	IPR010991				0	0	0	2	1	0	0	0	1	0	1	1	1	1	1	0	0	0	0	1	2	0	1	0	1	0	0	0	0	0				0.0																	0.0									
P04637	D	N	42	P04637D42N	0.05	1.4	-2.0	23	IPR013872	domainX				0	0	0	2	1	0	0	0	1	0	1	1	1	2	1	0	0	0	0	1	2	0	1	0	1	0	0	0	0	0				0.0								8.86	12.85	0.0							0.0		8.86		9.47					
P04637	D	N	49	P04637D49N	0.05	1.4	-2.0	23	IPR013872	domainX				0	0	0	2	1	0	0	0	1	0	1	1	1	2	1	0	0	0	0	1	2	0	1	0	2	0	0	0	0	0				0.0								5.1	19.57	0.0							0.0		5.1		0.0					
P04637	D	V	281	P04637D281V	1.38	7.1	-30.0	152	IPR008967	IPR008967	30.77	23.7	interface	0	0	0	2	2	0	0	0	1	0	1	1	1	2	1	0	0	0	0	1	2	0	1	0	1	0	0	0	0	0				0.0	0.0							6.04	9.17	0.0	10.38					18.12	0.0		6.04							
P04637	D	Y	148	P04637D148Y	1.18	6.8	-82.0	160	IPR008967	IPR008967	29.04	38.0	interface	0	0	0	2	2	0	0	0	1	0	1	1	1	1	1	0	0	0	0	1	2	0	1	0	1	0	0	0	0	0				0.0	0.0							27.93	0.0	29.05	6.9					29.05	0.0		27.93							
P04637	D	Y	259	P04637D259Y	1.18	6.8	-82.0	160	IPR008967	IPR008967	20.63	44.6	interface	0	0	0	2	2	0	0	0	1	0	1	1	1	1	1	0	0	0	0	1	2	0	1	0	1	0	0	0	0	0				0.0	0.0							28.54	0.03	22.87	16.78					23.11	0.0		28.54							
P04637	D	Y	281	P04637D281Y	1.18	6.8	-82.0	160	IPR008967	IPR008967	30.77	23.7	interface	0	0	0	2	2	0	0	0	1	0	1	1	1	2	1	0	0	0	0	1	2	0	1	0	1	0	0	0	0	0				0.0	0.0							6.04	9.17	0.0	10.38					18.12	0.0		6.04							
P04637	D	Y	393	P04637D393Y	1.18	6.8	-82.0	160	IPR010991	IPR010991				0	0	0	1	1	0	0	0	1	0	1	1	1	1	1	0	0	0	0	1	1	0	1	0	1	0	0	0	0	0																														
P04637	E	A	286	P04637E286A	0.92	4.2	52.0	107	IPR008967	IPR008967				0	0	0	2	2	0	0	0	1	0	1	1	1	2	1	0	0	0	0	1	2	0	1	0	1	0	0	0	0	0				0.0	0.0									0.0							0.0									
P04637	E	A	388	P04637E388A	0.92	4.2	52.0	107	IPR010991	IPR010991		6.1	interface	0	0	0	1	1	0	0	0	1	0	1	2	1	1	1	0	0	0	0	1	2	0	1	0	1	0	0	0	0	0				3.77							9.02	0.0									0.0									
P04637	E	D	224	P04637E224D	-0.46	-0.7	29.0	45	IPR008967	IPR008967	34.78	15.0	interface	0	0	0	2	2	0	0	0	1	0	1	1	1	1	1	0	0	0	0	1	2	0	1	0	1	0	0	0	0	0				0.0	0.0							25.42	9.26	27.74	3.83					28.4	0.0		25.42							
P04637	E	D	287	P04637E287D	-0.46	-0.7	29.0	45	IPR008967	IPR008967				0	0	0	2	2	0	0	0	1	0	1	1	1	1	1	0	0	0	0	1	2	0	1	0	1	0	0	0	0	0				0.0	0.0																0.0									
P04637	E	D	294	P04637E294D	-0.46	-0.7	29.0	45	IPR008967	IPR008967				0	0	0	2	1	0	0	0	1	0	1	1	1	1	1	0	0	0	0	1	2	0	1	0	1	0	0	0	0	0				0.0																	0.0									
P04637	E	D	326	P04637E326D	-0.46	-0.7	29.0	45	IPR010991	IPR010991	0.0	76.5	interface	0	0	0	2	1	0	0	0	1	0	1	1	1	1	1	0	0	0	0	1	2	0	1	0	1	0	0	0	0	0				0.0								23.21	3.81	13.99							0.0		23.21		13.99					
P04637	E	G	204	P04637E204G	0.18	3.3	80.0	98	IPR008967	IPR008967	14.05	23.1	interface	0	0	0	2	2	0	0	0	1	0	1	1	1	1	1	0	0	0	0	1	2	0	1	0	1	0	0	0	0	0				0.0	0.0							20.87	0.0	11.12	4.74					13.42	0.0		20.87							
P04637	E	K	11	P04637E11K	0.59	1.0	-36.0	56	IPR013872	domainX	5.53			0	0	0	2	1	0	0	0	1	0	1	1	1	1	1	0	0	0	0	1	2	0	1	0	1	0	0	0	0	0				0.0	64.88				86.08		9.42	6.92	8.39	5.3	3.82					90.89	0.0		5.96		6.92					
P04637	E	K	180	P04637E180K	0.59	1.0	-36.0	56	IPR008967	IPR008967	22.52	19.8	interface	0	0	0	2	2	0	0	0	1	0	1	1	1	1	1	0	0	0	0	1	2	0	1	0	1	0	0	0	0	0				0.0	0.0							19.91	3.79	0.0	10.57					3.8	0.0		19.91							
P04637	E	K	2	P04637E2K	0.59	1.0	-36.0	56	IPR013872	domainX	5.0			0	0	0	1	1	0	0	0	1	0	1	1	1	1	1	0	0	0	0	1	2	0	1	0	1	0	0	0	0	0				5.0	57.25				78.21		17.64	12.37	18.21	3.81	10.16					82.02	0.0		11.75		13.5					
P04637	E	K	221	P04637E221K	0.59	1.0	-36.0	56	IPR008967	IPR008967	31.33	4.8	conflict	0	0	0	2	2	0	0	0	1	0	1	1	1	1	1	0	0	0	0	1	2	0	1	0	1	0	0	0	0	0				0.0	0.0							24.5	3.82	24.98	4.57					24.98	0.0		24.5							
P04637	E	K	258	P04637E258K	0.59	1.0	-36.0	56	IPR008967	IPR008967	20.63	44.6	surface	0	0	0	2	2	0	0	0	1	0	1	1	1	1	1	0	0	0	0	1	2	0	1	0	1	0	0	0	0	0				0.0	0.0							28.55	0.0	22.89	16.76					23.14	0.0		28.55							
P04637	E	K	285	P04637E285K	0.59	1.0	-36.0	56	IPR008967	IPR008967	28.99	87.6	surface	0	0	0	2	2	0	0	0	1	0	1	1	1	2	1	0	0	0	0	1	2	0	1	0	1	0	0	0	0	0				0.0	0.0							3.82	10.74	0.0	13.78					21.01	0.0		3.82							
P04637	E	K	286	P04637E286K	0.59	1.0	-36.0	56	IPR008967	IPR008967				0	0	0	2	2	0	0	0	1	0	1	1	1	2	1	0	0	0	0	1	2	0	1	0	1	0	0	0	0	0				0.0	0.0									0.0							0.0									
P04637	E	K	287	P04637E287K	0.59	1.0	-36.0	56	IPR008967	IPR008967				0	0	0	2	2	0	0	0	1	0	1	1	1	1	1	0	0	0	0	1	2	0	1	0	1	0	0	0	0	0				0.0	0.0																0.0									
P04637	E	K	298	P04637E298K	0.59	1.0	-36.0	56	IPR008967	IPR008967				0	0	0	2	1	0	0	0	1	0	1	1	1	1	1	0	0	0	0	1	2	0	1	0	1	0	0	0	0	0				0.0																	0.0									
P04637	E	K	339	P04637E339K	0.59	1.0	-36.0	56	IPR010991	IPR010991	22.42	42.1	interface	0	0	0	2	1	0	0	0	1	0	1	1	1	2	1	0	0	0	0	1	2	0	1	0	1	0	0	0	0	0				0.0								5.06	8.63	0.0							0.0		5.43		0.0					
P04637	E	Q	11	P04637E11Q	0.03	1.8	-2.0	29	IPR013872	domainX	5.53			0	0	0	2	1	0	0	0	1	0	1	1	1	1	1	0	0	0	0	1	2	0	1	0	1	0	0	0	0	0				0.0	64.88				86.08		9.42	6.92	8.39	5.3	3.82					90.89	0.0		5.96		6.92					
P04637	E	Q	286	P04637E286Q	0.03	1.8	-2.0	29	IPR008967	IPR008967				0	0	0	2	2	0	0	0	1	0	1	1	1	2	1	0	0	0	0	1	2	0	1	0	1	0	0	0	0	0				0.0	0.0									0.0							0.0									
P04637	E	Q	298	P04637E298Q	0.03	1.8	-2.0	29	IPR008967	IPR008967				0	0	0	2	1	0	0	0	1	0	1	1	1	1	1	0	0	0	0	1	2	0	1	0	1	0	0	0	0	0				0.0																	0.0									
P04637	E	Q	339	P04637E339Q	0.03	1.8	-2.0	29	IPR010991	IPR010991	22.42	42.1	interface	0	0	0	2	1	0	0	0	1	0	1	1	1	2	1	0	0	0	0	1	2	0	1	0	1	0	0	0	0	0				0.0								5.06	8.63	0.0							0.0		5.43		0.0					
P04637	E	V	285	P04637E285V	0.92	6.4	-1.0	121	IPR008967	IPR008967	28.99	87.6	surface	0	0	0	2	2	0	0	0	1	0	1	1	1	2	1	0	0	0	0	1	2	0	1	0	1	0	0	0	0	0				0.0	0.0							3.82	10.74	0.0	13.78					21.01	0.0		3.82							
P04637	E	V	286	P04637E286V	0.92	6.4	-1.0	121	IPR008967	IPR008967				0	0	0	2	2	0	0	0	1	0	1	1	1	2	1	0	0	0	0	1	2	0	1	0	1	0	0	0	0	0				0.0	0.0									0.0							0.0									
P04637	E	V	339	P04637E339V	0.92	6.4	-1.0	121	IPR010991	IPR010991	22.42	42.1	interface	0	0	0	2	1	0	0	0	1	0	1	1	1	2	1	0	0	0	0	1	2	0	1	0	1	0	0	0	0	0				0.0								5.06	8.63	0.0							0.0		5.43		0.0					
P04637	E	V	358	P04637E358V	0.92	6.4	-1.0	121	IPR010991	IPR010991				0	0	0	2	1	0	0	0	1	0	1	1	1	1	1	0	0	0	0	1	2	0	1	0	1	0	0	0	0	0				0.0																	0.0									
P04637	F	C	109	P04637F109C	-2.75	-0.3	77.0	205	IPR008967	IPR008967	21.66	7.7	surface	0	0	0	2	2	0	0	0	1	0	1	1	1	1	1	0	0	0	0	1	2	0	1	0	1	0	0	0	0	0				0.0	0.0							13.95	5.01	19.0	3.78					22.88	0.0		13.95							
P04637	F	C	113	P04637F113C	-2.75	-0.3	77.0	205	IPR008967	IPR008967	29.78	35.1	surface	0	0	0	2	2	0	0	0	1	0	1	1	1	1	1	0	0	0	0	1	2	0	1	0	1	0	0	0	0	0				0.0	0.0							12.97	3.81	11.83	3.82					13.07	0.0		12.97							
P04637	F	C	134	P04637F134C	-2.75	-0.3	77.0	205	IPR008967	IPR008967	24.54	0.0	core	0	0	0	2	2	0	0	0	1	0	1	1	2	1	1	0	0	0	0	1	2	0	1	0	1	0	0	0	0	0				0.0	0.0							7.6	0.0	9.65	4.17					9.12	0.0		7.6							
P04637	F	C	270	P04637F270C	-2.75	-0.3	77.0	205	IPR008967	IPR008967	17.8	0.0	core	0	0	0	2	2	0	0	0	1	0	1	1	2	1	1	0	0	0	0	1	2	0	1	0	1	0	0	0	0	0				0.0	0.0							0.09	0.0	10.56	4.65					10.16	0.0		0.09							
P04637	F	I	270	P04637F270I	0.0	0.0	21.0	21	IPR008967	IPR008967	17.8	0.0	core	0	0	0	2	2	0	0	0	1	0	1	1	2	1	1	0	0	0	0	1	2	0	1	0	1	0	0	0	0	0				0.0	0.0							0.09	0.0	10.56	4.65					10.16	0.0		0.09							
P04637	F	L	270	P04637F270L	0.0	0.3	21.0	22	IPR008967	IPR008967	17.8	0.0	core	0	0	0	2	2	0	0	0	1	0	1	1	2	1	1	0	0	0	0	1	2	0	1	0	1	0	0	0	0	0				0.0	0.0							0.09	0.0	10.56	4.65					10.16	0.0		0.09							
P04637	F	L	338	P04637F338L	0.0	0.3	21.0	22	IPR010991	IPR010991	20.93	43.9	interface	0	0	0	2	1	0	0	0	1	0	1	1	1	2	1	0	0	0	0	1	2	0	1	0	1	0	0	0	0	0				0.0								3.81	5.95	0.0							0.0		3.81		3.82					
P04637	F	S	270	P04637F270S	-1.42	-4.0	100.0	155	IPR008967	IPR008967	17.8	0.0	core	0	0	0	2	2	0	0	0	1	0	1	1	2	1	1	0	0	0	0	1	2	0	1	0	1	0	0	0	0	0				0.0	0.0							0.09	0.0	10.56	4.65					10.16	0.0		0.09							
P04637	F	V	109	P04637F109V	0.0	-0.7	48.0	50	IPR008967	IPR008967	21.66	7.7	surface	0	0	0	2	2	0	0	0	1	0	1	1	1	1	1	0	0	0	0	1	2	0	1	0	1	0	0	0	0	0				0.0	0.0							13.95	5.01	19.0	3.78					22.88	0.0		13.95							
P04637	F	V	270	P04637F270V	0.0	-0.7	48.0	50	IPR008967	IPR008967	17.8	0.0	core	0	0	0	2	2	0	0	0	1	0	1	1	2	1	1	0	0	0	0	1	2	0	1	0	1	0	0	0	0	0				0.0	0.0							0.09	0.0	10.56	4.65					10.16	0.0		0.09							
P04637	G	A	112	P04637G112A	0.74	0.9	-28.0	60	IPR008967	IPR008967	32.29	52.0	surface	0	0	0	2	2	0	0	0	1	0	1	1	1	1	1	0	0	0	0	1	2	0	1	0	1	0	0	0	0	0				0.0	0.0							14.83	0.0	10.61	5.7					15.55	0.0		14.83							
P04637	G	A	117	P04637G117A	0.74	0.9	-28.0	60	IPR008967	IPR008967				0	0	0	2	2	0	0	0	1	0	1	1	1	1	1	0	0	0	0	1	2	0	1	0	1	0	0	0	0	0				0.0	0.0																0.0									
P04637	G	A	245	P04637G245A	0.74	0.9	-28.0	60	IPR008967	IPR008967	19.86	40.8	interface	0	0	0	2	2	0	0	0	1	0	1	1	1	1	2	0	0	0	0	1	2	0	1	0	1	0	0	0	0	0				0.0	0.0							11.15	8.71	7.54	0.0					8.36	0.0		11.15							
P04637	G	A	360	P04637G360A	0.74	0.9	-28.0	60	IPR010991	IPR010991				0	0	0	2	1	0	0	0	1	0	1	1	1	1	1	0	0	0	0	1	2	0	1	0	1	0	0	0	0	0				0.0																	0.0									
P04637	G	C	108	P04637G108C	-2.01	3.5	-52.0	159	IPR008967	IPR008967	21.85	23.8	interface	0	0	0	2	2	0	0	0	1	0	1	1	1	1	1	0	0	0	0	1	2	0	1	0	1	0	0	0	0	0				0.0	0.0							16.95	5.14	22.12	0.0					26.14	0.0		16.95							
P04637	G	C	245	P04637G245C	-2.01	3.5	-52.0	159	IPR008967	IPR008967	19.86	40.8	interface	0	0	0	2	2	0	0	0	1	0	1	1	1	1	2	0	0	0	0	1	2	0	1	0	1	0	0	0	0	0				0.0	0.0							11.15	8.71	7.54	0.0					8.36	0.0		11.15							
P04637	G	C	374	P04637G374C	-2.01	3.5	-52.0	159	IPR010991	IPR010991				0	0	0	1	1	0	0	0	1	0	1	1	1	1	1	0	0	0	0	1	2	0	1	0	1	0	0	0	0	0				5.38								3.79		3.81							0.0		3.79							
P04637	G	C	59	P04637G59C	-2.01	3.5	-52.0	159	IPR013872	domainX				0	0	0	2	1	0	0	0	1	0	1	1	1	1	1	0	0	0	0	1	2	0	1	0	1	0	0	0	0	0				0.0																	0.0									
P04637	G	D	154	P04637G154D	-0.64	-4.0	-51.0	94	IPR008967	IPR008967	18.59	0.0	core	0	0	0	2	2	0	0	0	1	0	1	1	1	1	1	0	0	0	0	1	2	0	1	0	1	0	0	0	0	0				0.0	0.0							18.09	5.39	16.44	10.87					17.35	0.0		18.09							
P04637	G	D	244	P04637G244D	-0.64	-4.0	-51.0	94	IPR008967	IPR008967	19.01	48.5	interface	0	0	0	2	2	0	0	0	1	0	1	1	1	1	2	0	0	0	0	1	2	0	1	0	1	0	0	0	0	0				0.0	0.0							13.47	10.6	4.6	0.0					5.4	0.0		13.47							
P04637	G	D	245	P04637G245D	-0.64	-4.0	-51.0	94	IPR008967	IPR008967	19.86	40.8	interface	0	0	0	2	2	0	0	0	1	0	1	1	1	1	2	0	0	0	0	1	2	0	1	0	1	0	0	0	0	0				0.0	0.0							11.15	8.71	7.54	0.0					8.36	0.0		11.15							
P04637	G	E	117	P04637G117E	-0.18	-3.3	-80.0	98	IPR008967	IPR008967				0	0	0	2	2	0	0	0	1	0	1	1	1	1	1	0	0	0	0	1	2	0	1	0	1	0	0	0	0	0				0.0	0.0																0.0									
P04637	G	E	279	P04637G279E	-0.18	-3.3	-80.0	98	IPR008967	IPR008967	27.45	18.9	surface	0	0	0	2	2	0	0	0	1	0	1	1	1	2	1	0	0	0	0	1	2	0	1	0	1	0	0	0	0	0				0.0	0.0							8.45	6.51	0.0	7.71					14.99	0.0		8.45							
P04637	G	E	334	P04637G334E	-0.18	-3.3	-80.0	98	IPR010991	IPR010991	25.43	35.4	interface	0	0	0	2	1	0	0	0	1	0	1	2	1	1	1	0	0	0	0	1	2	0	1	0	1	0	0	0	0	0				0.0								0.0	0.0	3.81							0.0		3.81		8.63					
P04637	G	E	360	P04637G360E	-0.18	-3.3	-80.0	98	IPR010991	IPR010991				0	0	0	2	1	0	0	0	1	0	1	1	1	1	1	0	0	0	0	1	2	0	1	0	1	0	0	0	0	0				0.0																	0.0									
P04637	G	R	244	P04637G244R	0.09	-1.5	-121.0	125	IPR008967	IPR008967	19.01	48.5	interface	0	0	0	2	2	0	0	0	1	0	1	1	1	1	2	0	0	0	0	1	2	0	1	0	1	0	0	0	0	0				0.0	0.0							13.47	10.6	4.6	0.0					5.4	0.0		13.47							
P04637	G	R	293	P04637G293R	0.09	-1.5	-121.0	125	IPR008967	IPR008967				0	0	0	2	1	0	0	0	1	0	1	1	1	1	1	0	0	0	0	1	2	0	1	0	1	0	0	0	0	0				0.0																	0.0									
P04637	G	R	334	P04637G334R	0.09	-1.5	-121.0	125	IPR010991	IPR010991	25.43	35.4	interface	0	0	0	2	1	0	0	0	1	0	1	2	1	1	1	0	0	0	0	1	2	0	1	0	1	0	0	0	0	0				0.0								0.0	0.0	3.81							0.0		3.81		8.63					
P04637	G	R	360	P04637G360R	0.09	-1.5	-121.0	125	IPR010991	IPR010991				0	0	0	2	1	0	0	0	1	0	1	1	1	1	1	0	0	0	0	1	2	0	1	0	1	0	0	0	0	0				0.0																	0.0									
P04637	G	R	374	P04637G374R	0.09	-1.5	-121.0	125	IPR010991	IPR010991				0	0	0	1	1	0	0	0	1	0	1	1	1	1	1	0	0	0	0	1	2	0	1	0	1	0	0	0	0	0				5.38								3.79		3.81							0.0		3.79							
P04637	G	R	389	P04637G389R	0.09	-1.5	-121.0	125	IPR010991	IPR010991		8.1	interface	0	0	0	2	1	0	0	0	1	0	1	1	1	1	1	0	0	0	0	1	2	0	1	0	1	0	0	0	0	0				0.0							9.96	3.77									0.0									
P04637	G	S	105	P04637G105S	-0.68	-0.2	-29.0	56	IPR008967	IPR008967	24.73	16.4	interface	0	0	0	2	2	0	0	0	1	0	1	1	1	1	1	0	0	0	0	1	2	0	1	0	1	0	0	0	0	0				0.0	0.0							25.1	5.1	29.83	0.0					30.65	0.0		25.1							
P04637	G	S	108	P04637G108S	-0.68	-0.2	-29.0	56	IPR008967	IPR008967	21.85	23.8	interface	0	0	0	2	2	0	0	0	1	0	1	1	1	1	1	0	0	0	0	1	2	0	1	0	1	0	0	0	0	0				0.0	0.0							16.95	5.14	22.12	0.0					26.14	0.0		16.95							
P04637	G	S	112	P04637G112S	-0.68	-0.2	-29.0	56	IPR008967	IPR008967	32.29	52.0	surface	0	0	0	2	2	0	0	0	1	0	1	1	1	1	1	0	0	0	0	1	2	0	1	0	1	0	0	0	0	0				0.0	0.0							14.83	0.0	10.61	5.7					15.55	0.0		14.83							
P04637	G	S	154	P04637G154S	-0.68	-0.2	-29.0	56	IPR008967	IPR008967	18.59	0.0	core	0	0	0	2	2	0	0	0	1	0	1	1	1	1	1	0	0	0	0	1	2	0	1	0	1	0	0	0	0	0				0.0	0.0							18.09	5.39	16.44	10.87					17.35	0.0		18.09							
P04637	G	S	244	P04637G244S	-0.68	-0.2	-29.0	56	IPR008967	IPR008967	19.01	48.5	interface	0	0	0	2	2	0	0	0	1	0	1	1	1	1	2	0	0	0	0	1	2	0	1	0	1	0	0	0	0	0				0.0	0.0							13.47	10.6	4.6	0.0					5.4	0.0		13.47							
P04637	G	S	245	P04637G245S	-0.68	-0.2	-29.0	56	IPR008967	IPR008967	19.86	40.8	interface	0	0	0	2	2	0	0	0	1	0	1	1	1	1	2	0	0	0	0	1	2	0	1	0	1	0	0	0	0	0				0.0	0.0							11.15	8.71	7.54	0.0					8.36	0.0		11.15							
P04637	G	S	262	P04637G262S	-0.68	-0.2	-29.0	56	IPR008967	IPR008967	18.45	5.0	interface	0	0	0	2	2	0	0	0	1	0	1	1	1	1	1	0	0	0	0	1	2	0	1	0	1	0	0	0	0	0				0.0	0.0							22.93	0.0	23.93	7.52					26.58	0.0		22.93							
P04637	G	V	105	P04637G105V	0.74	3.1	-81.0	109	IPR008967	IPR008967	24.73	16.4	interface	0	0	0	2	2	0	0	0	1	0	1	1	1	1	1	0	0	0	0	1	2	0	1	0	1	0	0	0	0	0				0.0	0.0							25.1	5.1	29.83	0.0					30.65	0.0		25.1							
P04637	G	V	199	P04637G199V	0.74	3.1	-81.0	109	IPR008967	IPR008967	26.32	60.2	interface	0	0	0	2	2	0	0	0	1	0	1	1	1	1	1	0	0	0	0	1	2	0	1	0	1	0	0	0	0	0				0.0	0.0							24.21	0.0	10.29	15.15					10.29	0.0		24.21							
P04637	G	V	244	P04637G244V	0.74	3.1	-81.0	109	IPR008967	IPR008967	19.01	48.5	interface	0	0	0	2	2	0	0	0	1	0	1	1	1	1	2	0	0	0	0	1	2	0	1	0	1	0	0	0	0	0				0.0	0.0							13.47	10.6	4.6	0.0					5.4	0.0		13.47							
P04637	G	V	245	P04637G245V	0.74	3.1	-81.0	109	IPR008967	IPR008967	19.86	40.8	interface	0	0	0	2	2	0	0	0	1	0	1	1	1	1	2	0	0	0	0	1	2	0	1	0	1	0	0	0	0	0				0.0	0.0							11.15	8.71	7.54	0.0					8.36	0.0		11.15							
P04637	G	V	325	P04637G325V	0.74	3.1	-81.0	109	IPR010991	IPR010991	0.0	131.9	interface	0	0	0	2	1	0	0	0	1	0	1	1	1	1	1	0	0	0	0	1	2	0	1	0	1	0	0	0	0	0				0.0								24.69	6.67	12.15							0.0		24.69		12.23					
P04637	G	V	360	P04637G360V	0.74	3.1	-81.0	109	IPR010991	IPR010991				0	0	0	2	1	0	0	0	1	0	1	1	1	1	1	0	0	0	0	1	2	0	1	0	1	0	0	0	0	0				0.0																	0.0									
P04637	G	W	293	P04637G293W	0.61	3.6	-167.0	184	IPR008967	IPR008967				0	0	0	2	1	0	0	0	1	0	1	1	1	1	1	0	0	0	0	1	2	0	1	0	1	0	0	0	0	0				0.0																	0.0									
P04637	G	W	334	P04637G334W	0.61	3.6	-167.0	184	IPR010991	IPR010991	25.43	35.4	interface	0	0	0	2	1	0	0	0	1	0	1	2	1	1	1	0	0	0	0	1	2	0	1	0	1	0	0	0	0	0				0.0								0.0	0.0	3.81							0.0		3.81		8.63					
P04637	H	D	178	P04637H178D	-0.8	-2.6	42.0	81	IPR008967	IPR008967	26.33	45.5	interface	0	0	0	2	2	0	0	0	1	0	1	1	1	2	1	0	0	0	0	1	2	0	1	0	1	0	0	0	0	0				0.0	0.0							22.88	10.81	0.0	16.1					5.27	0.0		22.88							
P04637	H	D	179	P04637H179D	-0.8	-2.6	42.0	81	IPR008967	IPR008967	25.64	90.3	interface	0	0	0	2	2	0	0	0	1	0	1	1	1	2	1	0	0	0	0	2	2	0	1	0	1	0	0	0	0	0				0.0	0.0							23.01	6.6	0.0	13.71					0.0	0.0		23.01							
P04637	H	D	193	P04637H193D	-0.8	-2.6	42.0	81	IPR008967	IPR008967	20.57	16.2	surface	0	0	0	2	2	0	0	0	1	0	1	1	1	1	1	0	0	0	0	1	2	0	1	0	1	0	0	0	0	0				0.0	0.0							14.09	3.79	6.73	10.39					9.1	0.0		14.09							
P04637	H	L	214	P04637H214L	0.58	5.5	-15.0	99	IPR008967	IPR008967	18.24	0.2	core	0	0	0	2	2	0	0	0	1	0	1	1	1	1	1	0	0	0	0	1	2	0	1	0	1	0	0	0	0	0				0.0	0.0							18.29	0.0	11.34	10.13					12.27	0.0		18.29							
P04637	H	N	179	P04637H179N	-0.75	-1.2	40.0	68	IPR008967	IPR008967	25.64	90.3	interface	0	0	0	2	2	0	0	0	1	0	1	1	1	2	1	0	0	0	0	2	2	0	1	0	1	0	0	0	0	0				0.0	0.0							23.01	6.6	0.0	13.71					0.0	0.0		23.01							
P04637	H	N	193	P04637H193N	-0.75	-1.2	40.0	68	IPR008967	IPR008967	20.57	16.2	surface	0	0	0	2	2	0	0	0	1	0	1	1	1	1	1	0	0	0	0	1	2	0	1	0	1	0	0	0	0	0				0.0	0.0							14.09	3.79	6.73	10.39					9.1	0.0		14.09							
P04637	H	P	178	P04637H178P	0.19	2.4	63.5	77	IPR008967	IPR008967	26.33	45.5	interface	0	0	0	2	2	0	0	0	1	0	1	1	1	2	1	0	0	0	0	1	2	0	1	0	1	0	0	0	0	0				0.0	0.0							22.88	10.81	0.0	16.1					5.27	0.0		22.88							
P04637	H	P	179	P04637H179P	0.19	2.4	63.5	77	IPR008967	IPR008967	25.64	90.3	interface	0	0	0	2	2	0	0	0	1	0	1	1	1	2	1	0	0	0	0	2	2	0	1	0	1	0	0	0	0	0				0.0	0.0							23.01	6.6	0.0	13.71					0.0	0.0		23.01							
P04637	H	P	193	P04637H193P	0.19	2.4	63.5	77	IPR008967	IPR008967	20.57	16.2	surface	0	0	0	2	2	0	0	0	1	0	1	1	1	1	1	0	0	0	0	1	2	0	1	0	1	0	0	0	0	0				0.0	0.0							14.09	3.79	6.73	10.39					9.1	0.0		14.09							
P04637	H	Q	179	P04637H179Q	-0.31	-0.1	11.0	24	IPR008967	IPR008967	25.64	90.3	interface	0	0	0	2	2	0	0	0	1	0	1	1	1	2	1	0	0	0	0	2	2	0	1	0	1	0	0	0	0	0				0.0	0.0							23.01	6.6	0.0	13.71					0.0	0.0		23.01							
P04637	H	Q	214	P04637H214Q	-0.31	-0.1	11.0	24	IPR008967	IPR008967	18.24	0.2	core	0	0	0	2	2	0	0	0	1	0	1	1	1	1	1	0	0	0	0	1	2	0	1	0	1	0	0	0	0	0				0.0	0.0							18.29	0.0	11.34	10.13					12.27	0.0		18.29							
P04637	H	Q	368	P04637H368Q	-0.31	-0.1	11.0	24	IPR010991	IPR010991		39.9	interface	0	0	0	1	1	0	0	0	1	0	1	1	1	1	1	0	0	0	0	1	2	0	1	0	1	0	0	0	0	0				5.46								5.46									0.0		5.46		5.46					
P04637	H	R	179	P04637H179R	-0.07	-0.1	-28.0	29	IPR008967	IPR008967	25.64	90.3	interface	0	0	0	2	2	0	0	0	1	0	1	1	1	2	1	0	0	0	0	2	2	0	1	0	1	0	0	0	0	0				0.0	0.0							23.01	6.6	0.0	13.71					0.0	0.0		23.01							
P04637	H	R	193	P04637H193R	-0.07	-0.1	-28.0	29	IPR008967	IPR008967	20.57	16.2	surface	0	0	0	2	2	0	0	0	1	0	1	1	1	1	1	0	0	0	0	1	2	0	1	0	1	0	0	0	0	0				0.0	0.0							14.09	3.79	6.73	10.39					9.1	0.0		14.09							
P04637	H	R	296	P04637H296R	-0.07	-0.1	-28.0	29	IPR008967	IPR008967				0	0	0	2	1	0	0	0	1	0	1	1	1	1	1	0	0	0	0	1	2	0	1	0	1	0	0	0	0	0				0.0																	0.0									
P04637	H	Y	179	P04637H179Y	0.38	4.2	-40.0	83	IPR008967	IPR008967	25.64	90.3	interface	0	0	0	2	2	0	0	0	1	0	1	1	1	2	1	0	0	0	0	2	2	0	1	0	1	0	0	0	0	0				0.0	0.0							23.01	6.6	0.0	13.71					0.0	0.0		23.01							
P04637	H	Y	193	P04637H193Y	0.38	4.2	-40.0	83	IPR008967	IPR008967	20.57	16.2	surface	0	0	0	2	2	0	0	0	1	0	1	1	1	1	1	0	0	0	0	1	2	0	1	0	1	0	0	0	0	0				0.0	0.0							14.09	3.79	6.73	10.39					9.1	0.0		14.09							
P04637	I	F	195	P04637I195F	0.0	0.0	-21.0	21	IPR008967	IPR008967	26.35	20.5	surface	0	0	0	2	2	0	0	0	1	0	1	1	2	1	1	0	0	0	0	1	2	0	1	0	1	0	0	0	0	0				0.0	0.0							17.74	0.0	10.35	14.09					10.35	0.0		17.74							
P04637	I	F	255	P04637I255F	0.0	0.0	-21.0	21	IPR008967	IPR008967	14.42	1.7	core	0	0	0	2	2	0	0	0	1	0	1	1	2	1	1	0	0	0	0	1	2	0	1	0	1	0	0	0	0	0				0.0	0.0							16.12	0.0	19.07	9.16					21.15	0.0		16.12							
P04637	I	L	251	P04637I251L	0.0	0.3	0.0	5	IPR008967	IPR008967	11.56	0.0	core	0	0	0	2	2	0	0	0	1	0	1	1	1	1	1	0	0	0	0	1	2	0	1	0	1	0	0	0	0	0				0.0	0.0							10.32	0.0	14.88	11.56					17.75	0.0		10.32							
P04637	I	S	195	P04637I195S	-1.42	-4.0	79.0	142	IPR008967	IPR008967	26.35	20.5	surface	0	0	0	2	2	0	0	0	1	0	1	1	2	1	1	0	0	0	0	1	2	0	1	0	1	0	0	0	0	0				0.0	0.0							17.74	0.0	10.35	14.09					10.35	0.0		17.74							
P04637	I	S	232	P04637I232S	-1.42	-4.0	79.0	142	IPR008967	IPR008967	22.55	6.4	surface	0	0	0	2	2	0	0	0	1	0	1	1	2	1	1	0	0	0	0	1	2	0	1	0	1	0	0	0	0	0				0.0	0.0							11.44	0.0	11.07	10.19					11.18	0.0		11.44							
P04637	I	S	251	P04637I251S	-1.42	-4.0	79.0	142	IPR008967	IPR008967	11.56	0.0	core	0	0	0	2	2	0	0	0	1	0	1	1	1	1	1	0	0	0	0	1	2	0	1	0	1	0	0	0	0	0				0.0	0.0							10.32	0.0	14.88	11.56					17.75	0.0		10.32							
P04637	I	S	255	P04637I255S	-1.42	-4.0	79.0	142	IPR008967	IPR008967	14.42	1.7	core	0	0	0	2	2	0	0	0	1	0	1	1	2	1	1	0	0	0	0	1	2	0	1	0	1	0	0	0	0	0				0.0	0.0							16.12	0.0	19.07	9.16					21.15	0.0		16.12							
P04637	I	T	195	P04637I195T	-0.71	-3.4	50.0	89	IPR008967	IPR008967	26.35	20.5	surface	0	0	0	2	2	0	0	0	1	0	1	1	2	1	1	0	0	0	0	1	2	0	1	0	1	0	0	0	0	0				0.0	0.0							17.74	0.0	10.35	14.09					10.35	0.0		17.74							
P04637	I	T	232	P04637I232T	-0.71	-3.4	50.0	89	IPR008967	IPR008967	22.55	6.4	surface	0	0	0	2	2	0	0	0	1	0	1	1	2	1	1	0	0	0	0	1	2	0	1	0	1	0	0	0	0	0				0.0	0.0							11.44	0.0	11.07	10.19					11.18	0.0		11.44							
P04637	I	V	254	P04637I254V	0.0	-0.7	27.0	29	IPR008967	IPR008967	14.35	1.7	core	0	0	0	2	2	0	0	0	1	0	1	1	2	1	1	0	0	0	0	1	2	0	1	0	1	0	0	0	0	0				0.0	0.0							16.13	0.0	19.0	9.26					21.1	0.0		16.13							
P04637	K	E	132	P04637K132E	-0.59	-1.0	36.0	56	IPR008967	IPR008967	23.64	0.0	core	0	0	0	2	2	0	0	0	1	0	1	1	1	1	1	0	0	0	0	1	2	0	1	0	1	0	0	0	0	0				0.0	0.0							5.9	0.0	6.51	3.81					10.62	0.0		5.9							
P04637	K	I	292	P04637K292I	0.33	6.1	8.0	102	IPR008967	IPR008967				0	0	0	2	1	0	0	0	1	0	2	1	1	1	1	0	0	0	0	1	2	0	1	0	1	0	0	0	0	0				0.0							0.0										0.0									
P04637	K	Q	132	P04637K132Q	-0.56	0.8	34.0	53	IPR008967	IPR008967	23.64	0.0	core	0	0	0	2	2	0	0	0	1	0	1	1	1	1	1	0	0	0	0	1	2	0	1	0	1	0	0	0	0	0				0.0	0.0							5.9	0.0	6.51	3.81					10.62	0.0		5.9							
P04637	K	R	291	P04637K291R	-0.32	0.8	-5.0	26	IPR008967	IPR008967				0	0	0	2	2	0	0	0	1	0	2	1	1	1	1	0	0	0	0	1	2	0	1	0	1	0	0	0	0	0				0.0	0.0						0.0										0.0									
P04637	K	R	292	P04637K292R	-0.32	0.8	-5.0	26	IPR008967	IPR008967				0	0	0	2	1	0	0	0	1	0	2	1	1	1	1	0	0	0	0	1	2	0	1	0	1	0	0	0	0	0				0.0							0.0										0.0									
P04637	K	R	357	P04637K357R	-0.32	0.8	-5.0	26	IPR010991	IPR010991				0	0	0	1	1	0	0	0	1	0	1	1	1	1	1	0	0	0	0	1	2	0	1	0	1	0	0	0	0	0																					0.0									
P04637	K	T	132	P04637K132T	-0.38	2.7	58.0	78	IPR008967	IPR008967	23.64	0.0	core	0	0	0	2	2	0	0	0	1	0	1	1	1	1	1	0	0	0	0	1	2	0	1	0	1	0	0	0	0	0				0.0	0.0							5.9	0.0	6.51	3.81					10.62	0.0		5.9							
P04637	L	F	114	P04637L114F	0.0	-0.3	-21.0	22	IPR008967	IPR008967	27.16	6.1	interface	0	0	0	1	2	0	0	0	1	0	1	1	1	1	1	0	0	0	0	1	2	0	1	0	1	0	0	0	0	0				0.02	0.0							10.26	4.16	10.18	0.02					13.22	0.0		10.26							
P04637	L	F	194	P04637L194F	0.0	-0.3	-21.0	22	IPR008967	IPR008967	22.6	0.0	core	0	0	0	2	2	0	0	0	1	0	1	1	1	1	1	0	0	0	0	1	2	0	1	0	1	0	0	0	0	0				0.0	0.0							15.53	0.0	8.82	12.99					9.83	0.0		15.53							
P04637	L	F	35	P04637L35F	0.0	-0.3	-21.0	22	IPR013872	domainX				0	0	0	2	1	0	0	0	1	0	1	1	1	1	1	0	0	0	0	1	2	0	1	0	1	0	0	0	0	0				0.0								5.49	0.0	3.76							0.0		5.09		21.46					
P04637	L	F	43	P04637L43F	0.0	-0.3	-21.0	22	IPR013872	domainX				0	0	0	2	1	0	0	0	1	0	1	1	1	2	1	0	0	0	0	1	2	0	1	0	1	0	0	0	0	0				0.0								8.86	15.33	0.0							0.0		8.86		10.97					
P04637	L	P	130	P04637L130P	-0.39	-3.1	78.5	98	IPR008967	IPR008967	21.58	0.0	conflict	0	0	0	2	2	0	0	0	1	0	1	1	1	1	2	0	0	0	0	1	2	0	1	0	1	0	0	0	0	0				0.0	0.0							4.72	3.81	8.33	0.0					12.87	0.0		4.72							
P04637	L	P	252	P04637L252P	-0.39	-3.1	78.5	98	IPR008967	IPR008967	11.56	0.0	core	0	0	0	2	2	0	0	0	1	0	1	1	2	1	1	0	0	0	0	1	2	0	1	0	1	0	0	0	0	0				0.0	0.0							10.31	0.0	14.88	11.57					17.75	0.0		10.31							
P04637	L	P	265	P04637L265P	-0.39	-3.1	78.5	98	IPR008967	IPR008967	14.62	3.0	conflict	0	0	0	2	2	0	0	0	1	0	1	1	2	1	1	0	0	0	0	1	2	0	1	0	1	0	0	0	0	0				0.0	0.0							16.21	0.0	19.44	7.22					24.59	0.0		16.21							
P04637	L	P	344	P04637L344P	-0.39	-3.1	78.5	98	IPR010991	IPR010991	18.49	55.9	interface	0	0	0	2	1	0	0	0	1	0	1	1	1	2	1	0	0	0	0	1	2	0	1	0	2	0	0	0	0	0				0.0								10.78	13.56	0.0							0.0		10.78		0.0					
P04637	L	Q	111	P04637L111Q	-0.89	-5.6	26.0	113	IPR008967	IPR008967	29.1	53.0	surface	0	0	0	2	2	0	0	0	1	0	1	1	2	1	1	0	0	0	0	1	2	0	1	0	1	0	0	0	0	0				0.0	0.0							14.66	0.0	14.49	7.3					21.16	0.0		14.66							
P04637	L	R	111	P04637L111R	-0.65	-5.6	-13.0	102	IPR008967	IPR008967	29.1	53.0	surface	0	0	0	2	2	0	0	0	1	0	1	1	2	1	1	0	0	0	0	1	2	0	1	0	1	0	0	0	0	0				0.0	0.0							14.66	0.0	14.49	7.3					21.16	0.0		14.66							
P04637	L	R	257	P04637L257R	-0.65	-5.6	-13.0	102	IPR008967	IPR008967	22.32	53.6	surface	0	0	0	2	2	0	0	0	1	0	1	1	2	1	1	0	0	0	0	1	2	0	1	0	1	0	0	0	0	0				0.0	0.0							27.69	0.0	21.73	15.1					21.73	0.0		27.69							
P04637	L	S	114	P04637L114S	-1.42	-4.3	79.0	145	IPR008967	IPR008967	27.16	6.1	interface	0	0	0	1	2	0	0	0	1	0	1	1	1	1	1	0	0	0	0	1	2	0	1	0	1	0	0	0	0	0				0.02	0.0							10.26	4.16	10.18	0.02					13.22	0.0		10.26							
P04637	L	V	323	P04637L323V	0.0	-1.0	27.0	32	IPR010991	IPR010991				0	0	0	2	1	0	0	0	1	0	1	1	1	2	1	0	0	0	0	1	2	0	1	0	1	0	0	0	0	0				0.0										0.0							0.0									
P04637	L	V	350	P04637L350V	0.0	-1.0	27.0	32	IPR010991	IPR010991	17.54	55.2	interface	0	0	0	1	1	0	0	0	1	0	1	1	1	2	1	0	0	0	0	1	2	0	1	0	1	0	0	0	0	0				3.8								20.14	16.41	0.0							0.0		20.14		0.0					
P04637	M	I	160	P04637M160I	0.0	0.5	-6.0	10	IPR008967	IPR008967	9.54	4.1	core	0	0	0	2	2	0	0	0	1	0	1	1	2	1	1	0	0	0	0	1	2	0	1	0	1	0	0	0	0	0				0.0	0.0							10.02	0.0	7.29	6.1					10.96	0.0		10.02							
P04637	M	I	237	P04637M237I	0.0	0.5	-6.0	10	IPR008967	IPR008967	21.96	14.7	interface	0	0	0	2	2	0	0	0	1	0	1	1	1	1	1	0	0	0	0	1	2	0	1	0	1	0	0	0	0	0				0.0	0.0							10.1	3.79	8.79	7.73					0.01	0.0		10.1							
P04637	M	K	237	P04637M237K	-0.33	-5.6	-14.0	95	IPR008967	IPR008967	21.96	14.7	interface	0	0	0	2	2	0	0	0	1	0	1	1	1	1	1	0	0	0	0	1	2	0	1	0	1	0	0	0	0	0				0.0	0.0							10.1	3.79	8.79	7.73					0.01	0.0		10.1							
P04637	M	K	246	P04637M246K	-0.33	-5.6	-14.0	95	IPR008967	IPR008967	16.49	13.5	surface	0	0	0	2	2	0	0	0	1	0	1	1	1	1	2	0	0	0	0	1	2	0	1	0	1	0	0	0	0	0				0.0	0.0							10.16	7.21	9.06	0.0					9.06	0.0		10.16							
P04637	M	L	246	P04637M246L	0.0	0.8	-6.0	15	IPR008967	IPR008967	16.49	13.5	surface	0	0	0	2	2	0	0	0	1	0	1	1	1	1	2	0	0	0	0	1	2	0	1	0	1	0	0	0	0	0				0.0	0.0							10.16	7.21	9.06	0.0					9.06	0.0		10.16							
P04637	M	R	246	P04637M246R	-0.65	-4.8	-19.0	91	IPR008967	IPR008967	16.49	13.5	surface	0	0	0	2	2	0	0	0	1	0	1	1	1	1	2	0	0	0	0	1	2	0	1	0	1	0	0	0	0	0				0.0	0.0							10.16	7.21	9.06	0.0					9.06	0.0		10.16							
P04637	M	T	133	P04637M133T	-0.71	-2.9	44.0	81	IPR008967	IPR008967	24.59	0.0	core	0	0	0	2	2	0	0	0	1	0	1	1	2	1	1	0	0	0	0	1	2	0	1	0	1	0	0	0	0	0				0.0	0.0							7.64	0.0	9.61	4.15					9.14	0.0		7.64							
P04637	M	T	384	P04637M384T	-0.71	-2.9	44.0	81	IPR010991	IPR010991		0.0	conflict	0	0	0	1	1	0	0	0	1	0	1	1	1	1	1	0	0	0	0	1	2	0	1	0	1	0	0	0	0	0				3.79							6.67	3.79									0.0		6.05							
P04637	M	V	160	P04637M160V	0.0	-0.2	21.0	21	IPR008967	IPR008967	9.54	4.1	core	0	0	0	2	2	0	0	0	1	0	1	1	2	1	1	0	0	0	0	1	2	0	1	0	1	0	0	0	0	0				0.0	0.0							10.02	0.0	7.29	6.1					10.96	0.0		10.02							
P04637	M	V	246	P04637M246V	0.0	-0.2	21.0	21	IPR008967	IPR008967	16.49	13.5	surface	0	0	0	2	2	0	0	0	1	0	1	1	1	1	2	0	0	0	0	1	2	0	1	0	1	0	0	0	0	0				0.0	0.0							10.16	7.21	9.06	0.0					9.06	0.0		10.16							
P04637	N	D	263	P04637N263D	-0.05	-1.4	2.0	23	IPR008967	IPR008967	17.2	0.0	conflict	0	0	0	2	2	0	0	0	1	0	1	1	1	1	1	0	0	0	0	1	2	0	1	0	1	0	0	0	0	0				0.0	0.0							19.74	3.79	22.41	5.84					26.42	0.0		19.74							
P04637	N	I	235	P04637N235I	1.33	6.4	-55.0	149	IPR008967	IPR008967	20.95	0.0	core	0	0	0	2	2	0	0	0	1	0	1	1	2	1	1	0	0	0	0	1	2	0	1	0	1	0	0	0	0	0				0.0	0.0							11.44	0.0	8.25	8.35					3.83	0.0		11.44							
P04637	N	K	131	P04637N131K	1.0	0.3	-63.0	94	IPR008967	IPR008967	21.58	0.0	conflict	0	0	0	2	2	0	0	0	1	0	1	1	1	1	1	0	0	0	0	1	2	0	1	0	1	0	0	0	0	0				0.0	0.0							4.72	3.81	8.33	0.0					12.87	0.0		4.72							
P04637	N	K	310	P04637N310K	1.0	0.3	-63.0	94	IPR010991	IPR010991				0	0	0	2	1	0	0	0	1	0	1	1	1	1	1	0	0	0	0	1	2	0	1	0	2	0	0	0	0	0				0.0																	0.0				0.0					
P04637	N	S	235	P04637N235S	-0.09	2.4	24.0	46	IPR008967	IPR008967	20.95	0.0	core	0	0	0	2	2	0	0	0	1	0	1	1	2	1	1	0	0	0	0	1	2	0	1	0	1	0	0	0	0	0				0.0	0.0							11.44	0.0	8.25	8.35					3.83	0.0		11.44							
P04637	N	S	239	P04637N239S	-0.09	2.4	24.0	46	IPR008967	IPR008967	21.99	7.8	interface	0	0	0	2	2	0	0	0	1	0	1	1	1	1	1	0	0	0	0	1	2	0	1	0	1	0	0	0	0	0				0.0	0.0							13.79	6.65	3.8	5.54					5.29	0.0		13.79							
P04637	N	Y	131	P04637N131Y	1.13	5.4	-80.0	143	IPR008967	IPR008967	21.58	0.0	conflict	0	0	0	2	2	0	0	0	1	0	1	1	1	1	1	0	0	0	0	1	2	0	1	0	1	0	0	0	0	0				0.0	0.0							4.72	3.81	8.33	0.0					12.87	0.0		4.72							
P04637	P	A	72	P04637P72A	0.39	-0.1	1.5	27	IPR008967	IPR008967	22.52	52.2	interface	0	0	0	2	1	0	0	0	1	0	1	1	1	1	1	0	0	0	0	1	2	0	1	0	1	0	0	0	0	0				0.0	4.43				18.7			19.63	7.83	9.66	9.37					4.43	0.0		18.7							
P04637	P	H	191	P04637P191H	-0.19	-2.4	-63.5	77	IPR008967	IPR008967	16.95	0.0	conflict	0	0	0	2	2	0	0	0	1	0	1	1	1	1	1	0	0	0	0	1	2	0	1	0	1	0	0	0	0	0				0.0	0.0							11.72	5.07	9.15	8.05					9.29	0.0		11.72							
P04637	P	H	223	P04637P223H	-0.19	-2.4	-63.5	77	IPR008967	IPR008967	38.38	60.4	interface	0	0	0	2	2	0	0	0	1	0	1	1	1	1	1	0	0	0	0	1	2	0	1	0	1	0	0	0	0	0				0.0	0.0							28.91	11.3	30.26	7.11					30.26	0.0		28.91							
P04637	P	L	142	P04637P142L	0.39	3.1	-78.5	98	IPR008967	IPR008967	23.6	0.0	conflict	0	0	0	2	2	0	0	0	1	0	1	1	2	1	1	0	0	0	0	1	2	0	1	0	1	0	0	0	0	0				0.0	0.0							16.98	0.0	22.45	5.01					23.41	0.0		16.98							
P04637	P	L	152	P04637P152L	0.39	3.1	-78.5	98	IPR008967	IPR008967	22.93	0.3	conflict	0	0	0	2	2	0	0	0	1	0	1	1	1	1	1	0	0	0	0	1	2	0	1	0	1	0	0	0	0	0				0.0	0.0							24.9	4.39	21.34	11.5					21.34	0.0		24.9							
P04637	P	L	177	P04637P177L	0.39	3.1	-78.5	98	IPR008967	IPR008967	22.71	34.3	interface	0	0	0	2	2	0	0	0	1	0	1	1	1	1	1	0	0	0	0	1	2	0	1	0	1	0	0	0	0	0				0.0	0.0							19.51	8.77	0.0	13.0					3.82	0.0		19.51							
P04637	P	L	191	P04637P191L	0.39	3.1	-78.5	98	IPR008967	IPR008967	16.95	0.0	conflict	0	0	0	2	2	0	0	0	1	0	1	1	1	1	1	0	0	0	0	1	2	0	1	0	1	0	0	0	0	0				0.0	0.0							11.72	5.07	9.15	8.05					9.29	0.0		11.72							
P04637	P	L	219	P04637P219L	0.39	3.1	-78.5	98	IPR008967	IPR008967	29.75	22.0	interface	0	0	0	2	2	0	0	0	1	0	1	1	1	1	1	0	0	0	0	1	2	0	1	0	1	0	0	0	0	0				0.0	0.0							25.19	0.0	24.03	6.02					24.03	0.0		25.19							
P04637	P	L	222	P04637P222L	0.39	3.1	-78.5	98	IPR008967	IPR008967	37.71	86.8	interface	0	0	0	2	2	0	0	0	1	0	1	1	1	1	1	0	0	0	0	1	2	0	1	0	1	0	0	0	0	0				0.0	0.0							29.73	9.02	28.61	8.35					28.61	0.0		29.73							
P04637	P	L	278	P04637P278L	0.39	3.1	-78.5	98	IPR008967	IPR008967	28.01	1.0	core	0	0	0	2	2	0	0	0	1	0	1	1	1	1	1	0	0	0	0	1	2	0	1	0	1	0	0	0	0	0				0.0	0.0							9.69	6.2	0.0	9.88					12.99	0.0		9.69							
P04637	P	L	295	P04637P295L	0.39	3.1	-78.5	98	IPR008967	IPR008967				0	0	0	2	1	0	0	0	1	0	1	1	1	1	1	0	0	0	0	1	2	0	1	0	1	0	0	0	0	0				0.0																	0.0									
P04637	P	L	36	P04637P36L	0.39	3.1	-78.5	98	IPR013872	domainX				0	0	0	2	1	0	0	0	1	0	1	1	1	1	1	0	0	0	0	1	2	0	1	0	1	0	0	0	0	0				0.0								3.86	3.76	0.0							0.0		3.86		21.97					
P04637	P	L	82	P04637P82L	0.39	3.1	-78.5	98	IPR008967	IPR008967	13.47	16.9	interface	0	0	0	2	1	0	0	0	1	0	1	1	1	1	1	0	0	0	0	1	2	0	1	0	1	0	0	0	0	0				0.0	4.58				16.53			17.8	8.42	10.58	11.68					10.47	0.0		16.53							
P04637	P	L	92	P04637P92L	0.39	3.1	-78.5	98	IPR008967	IPR008967	8.85	10.1	interface	0	0	0	2	1	0	0	0	1	0	1	1	1	1	1	0	0	0	0	1	2	0	1	0	1	0	0	0	0	0				0.0	7.18				11.86			13.64	8.09	18.08	7.29					16.97	0.0		11.86							
P04637	P	L	98	P04637P98L	0.39	3.1	-78.5	98	IPR008967	IPR008967	11.7	48.3	interface	0	0	0	2	1	0	0	0	1	0	1	1	1	1	1	0	0	0	0	1	2	0	1	0	1	0	0	0	0	0				0.0	11.41							16.19	3.81	16.1	12.29					24.28	0.0		16.19							
P04637	P	R	12	P04637P12R	-0.26	-2.5	-91.5	103	IPR013872	domainX	5.36			0	0	0	1	1	0	0	0	1	0	1	1	1	1	1	0	0	0	0	1	2	0	1	0	1	0	0	0	0	0				3.84	66.19				87.45		9.36	7.1	5.36	7.81	5.55					92.8	0.0		7.1		7.81					
P04637	P	R	191	P04637P191R	-0.26	-2.5	-91.5	103	IPR008967	IPR008967	16.95	0.0	conflict	0	0	0	2	2	0	0	0	1	0	1	1	1	1	1	0	0	0	0	1	2	0	1	0	1	0	0	0	0	0				0.0	0.0							11.72	5.07	9.15	8.05					9.29	0.0		11.72							
P04637	P	R	58	P04637P58R	-0.26	-2.5	-91.5	103	IPR013872	domainX				0	0	0	2	1	0	0	0	1	0	1	1	1	1	1	0	0	0	0	1	2	0	1	0	1	0	0	0	0	0				0.0																	0.0									
P04637	P	R	72	P04637P72R	-0.26	-2.5	-91.5	103	IPR008967	IPR008967	22.52	52.2	interface	0	0	0	2	1	0	0	0	1	0	1	1	1	1	1	0	0	0	0	1	2	0	1	0	1	0	0	0	0	0				0.0	4.43				18.7			19.63	7.83	9.66	9.37					4.43	0.0		18.7							
P04637	P	S	13	P04637P13S	-1.03	-1.2	0.5	74	IPR013872	domainX	0.0			0	0	0	1	1	0	0	0	1	0	1	1	1	1	1	0	0	0	0	1	2	0	1	0	1	0	0	0	0	0				6.02								6.85		10.22							0.0		6.85		6.02					
P04637	P	S	151	P04637P151S	-1.03	-1.2	0.5	74	IPR008967	IPR008967	25.67	21.5	surface	0	0	0	2	2	0	0	0	1	0	1	1	1	1	1	0	0	0	0	1	2	0	1	0	1	0	0	0	0	0				0.0	0.0							28.08	3.78	21.4	14.46					21.4	0.0		28.08							
P04637	P	S	152	P04637P152S	-1.03	-1.2	0.5	74	IPR008967	IPR008967	22.93	0.3	conflict	0	0	0	2	2	0	0	0	1	0	1	1	1	1	1	0	0	0	0	1	2	0	1	0	1	0	0	0	0	0				0.0	0.0							24.9	4.39	21.34	11.5					21.34	0.0		24.9							
P04637	P	S	219	P04637P219S	-1.03	-1.2	0.5	74	IPR008967	IPR008967	29.75	22.0	interface	0	0	0	2	2	0	0	0	1	0	1	1	1	1	1	0	0	0	0	1	2	0	1	0	1	0	0	0	0	0				0.0	0.0							25.19	0.0	24.03	6.02					24.03	0.0		25.19							
P04637	P	S	27	P04637P27S	-1.03	-1.2	0.5	74	IPR013872	domainX	5.47			0	0	0	1	1	0	0	0	1	0	1	1	1	1	1	0	0	0	0	1	2	0	1	0	1	0	0	0	0	0				3.84							8.41	8.41	5.47	0.0							0.0		14.05		6.47					
P04637	P	S	295	P04637P295S	-1.03	-1.2	0.5	74	IPR008967	IPR008967				0	0	0	2	1	0	0	0	1	0	1	1	1	1	1	0	0	0	0	1	2	0	1	0	1	0	0	0	0	0				0.0																	0.0									
P04637	P	S	47	P04637P47S	-1.03	-1.2	0.5	74	IPR013872	domainX				0	0	0	2	1	0	0	0	1	0	1	1	1	1	1	0	0	0	0	1	2	0	1	0	1	0	0	0	0	0				0.0								3.81	22.33	0.0							0.0		3.81		3.83					
P04637	P	S	72	P04637P72S	-1.03	-1.2	0.5	74	IPR008967	IPR008967	22.52	52.2	interface	0	0	0	2	1	0	0	0	1	0	1	1	1	1	1	0	0	0	0	1	2	0	1	0	1	0	0	0	0	0				0.0	4.43				18.7			19.63	7.83	9.66	9.37					4.43	0.0		18.7							
P04637	P	S	77	P04637P77S	-1.03	-1.2	0.5	74	IPR008967	IPR008967	27.76	22.3	interface	0	0	0	2	1	0	0	0	1	0	1	1	1	1	1	0	0	0	0	1	2	0	1	0	1	0	0	0	0	0				0.0	5.25				6.72			26.48	5.25	19.51	6.54					12.84	0.0		6.72							
P04637	P	T	151	P04637P151T	-0.32	-0.6	-28.5	38	IPR008967	IPR008967	25.67	21.5	surface	0	0	0	2	2	0	0	0	1	0	1	1	1	1	1	0	0	0	0	1	2	0	1	0	1	0	0	0	0	0				0.0	0.0							28.08	3.78	21.4	14.46					21.4	0.0		28.08							
P04637	P	T	278	P04637P278T	-0.32	-0.6	-28.5	38	IPR008967	IPR008967	28.01	1.0	core	0	0	0	2	2	0	0	0	1	0	1	1	1	1	1	0	0	0	0	1	2	0	1	0	1	0	0	0	0	0				0.0	0.0							9.69	6.2	0.0	9.88					12.99	0.0		9.69							
P04637	P	T	316	P04637P316T	-0.32	-0.6	-28.5	38	IPR010991	IPR010991				0	0	0	2	1	0	0	0	1	0	1	1	1	1	1	0	0	0	0	1	2	0	1	0	2	0	0	0	0	0				0.0																	0.0				0.0					
P04637	P	T	47	P04637P47T	-0.32	-0.6	-28.5	38	IPR013872	domainX				0	0	0	2	1	0	0	0	1	0	1	1	1	1	1	0	0	0	0	1	2	0	1	0	1	0	0	0	0	0				0.0								3.81	22.33	0.0							0.0		3.81		3.83					
P04637	P	T	72	P04637P72T	-0.32	-0.6	-28.5	38	IPR008967	IPR008967	22.52	52.2	interface	0	0	0	2	1	0	0	0	1	0	1	1	1	1	1	0	0	0	0	1	2	0	1	0	1	0	0	0	0	0				0.0	4.43				18.7			19.63	7.83	9.66	9.37					4.43	0.0		18.7							
P04637	P	T	77	P04637P77T	-0.32	-0.6	-28.5	38	IPR008967	IPR008967	27.76	22.3	interface	0	0	0	2	1	0	0	0	1	0	1	1	1	1	1	0	0	0	0	1	2	0	1	0	1	0	0	0	0	0				0.0	5.25				6.72			26.48	5.25	19.51	6.54					12.84	0.0		6.72							
P04637	Q	H	144	P04637Q144H	0.31	0.1	-11.0	24	IPR008967	IPR008967	26.06	0.0	core	0	0	0	2	2	0	0	0	1	0	1	1	2	1	1	0	0	0	0	1	2	0	1	0	1	0	0	0	0	0				0.0	0.0							22.45	0.0	27.61	4.65					28.67	0.0		22.45							
P04637	Q	K	317	P04637Q317K	0.56	-0.8	-34.0	53	IPR010991	IPR010991				0	0	0	2	1	0	0	0	1	0	1	1	1	1	1	0	0	0	0	1	2	0	1	0	2	0	0	0	0	0				0.0																	0.0				0.0					
P04637	Q	K	354	P04637Q354K	0.56	-0.8	-34.0	53	IPR010991	IPR010991	19.66	39.6	interface	0	0	0	2	1	0	0	0	1	0	1	1	1	1	1	0	0	0	0	1	2	0	1	0	1	0	0	0	0	0				0.0								26.58	19.77	0.0							0.0		26.58		6.73					
P04637	Q	L	144	P04637Q144L	0.89	5.6	-26.0	113	IPR008967	IPR008967	26.06	0.0	core	0	0	0	2	2	0	0	0	1	0	1	1	2	1	1	0	0	0	0	1	2	0	1	0	1	0	0	0	0	0				0.0	0.0							22.45	0.0	27.61	4.65					28.67	0.0		22.45							
P04637	Q	P	167	P04637Q167P	0.5	2.5	52.5	76	IPR008967	IPR008967	5.78	62.6	interface	0	0	0	2	2	0	0	0	1	0	1	1	1	2	1	0	0	0	0	1	2	0	1	0	1	0	0	0	0	0				0.0	0.0							17.83	7.71	0.0	9.9					13.74	0.0		17.83							
P04637	Q	R	317	P04637Q317R	0.24	0.0	-39.0	43	IPR010991	IPR010991				0	0	0	2	1	0	0	0	1	0	1	1	1	1	1	0	0	0	0	1	2	0	1	0	2	0	0	0	0	0				0.0																	0.0				0.0					
P04637	Q	R	354	P04637Q354R	0.24	0.0	-39.0	43	IPR010991	IPR010991	19.66	39.6	interface	0	0	0	2	1	0	0	0	1	0	1	1	1	1	1	0	0	0	0	1	2	0	1	0	1	0	0	0	0	0				0.0								26.58	19.77	0.0							0.0		26.58		6.73					
P04637	Q	R	5	P04637Q5R	0.24	0.0	-39.0	43	IPR013872	domainX	0.0			0	0	0	2	1	0	0	0	1	0	1	1	1	2	1	0	0	0	0	1	2	0	1	0	1	0	0	0	0	0				0.0	60.66				81.85		13.98	9.54	13.74	0.0	5.26					86.1	0.0		7.29		10.44					
P04637	Q	R	52	P04637Q52R	0.24	0.0	-39.0	43	IPR013872	domainX				0	0	0	2	1	0	0	0	1	0	1	1	1	2	1	0	0	0	0	1	2	0	1	0	2	0	0	0	0	0				0.0								5.1	22.49	0.0							0.0		5.1		0.0					
P04637	R	C	110	P04637R110C	-2.1	5.0	69.0	180	IPR008967	IPR008967	25.63	5.1	interface	0	0	0	2	2	0	0	0	1	0	1	1	1	1	1	0	0	0	0	1	2	0	1	0	1	0	0	0	0	0				0.0	0.0							12.49	0.0	14.44	6.5					20.25	0.0		12.49							
P04637	R	C	156	P04637R156C	-2.1	5.0	69.0	180	IPR008967	IPR008967	14.17	0.0	conflict	0	0	0	2	2	0	0	0	1	0	1	1	1	1	1	0	0	0	0	1	2	0	1	0	1	0	0	0	0	0				0.0	0.0							12.4	0.0	13.5	8.75					15.81	0.0		12.4							
P04637	R	C	158	P04637R158C	-2.1	5.0	69.0	180	IPR008967	IPR008967	11.05	0.0	core	0	0	0	2	2	0	0	0	1	0	1	1	2	1	1	0	0	0	0	1	2	0	1	0	1	0	0	0	0	0				0.0	0.0							11.55	0.0	12.85	6.4					15.41	0.0		11.55							
P04637	R	C	175	P04637R175C	-2.1	5.0	69.0	180	IPR008967	IPR008967	25.53	61.0	surface	0	0	0	2	2	0	0	0	1	0	1	1	1	1	1	0	0	0	0	1	2	0	1	0	1	0	0	0	0	0				0.0	0.0							20.41	9.39	5.4	12.54					3.81	0.0		20.41							
P04637	R	C	202	P04637R202C	-2.1	5.0	69.0	180	IPR008967	IPR008967	18.63	6.5	interface	0	0	0	2	2	0	0	0	1	0	1	1	1	1	1	0	0	0	0	1	2	0	1	0	1	0	0	0	0	0				0.0	0.0							19.8	6.58	6.23	7.37					7.72	0.0		19.8							
P04637	R	C	273	P04637R273C	-2.1	5.0	69.0	180	IPR008967	IPR008967	28.81	46.6	interface	0	0	0	2	2	0	0	0	1	0	1	1	2	1	1	0	0	0	0	1	2	0	1	0	1	0	0	0	0	0				0.0	0.0							12.96	0.0	8.75	10.32					8.12	0.0		12.96							
P04637	R	C	283	P04637R283C	-2.1	5.0	69.0	180	IPR008967	IPR008967	28.35	28.2	interface	0	0	0	2	2	0	0	0	1	0	1	1	1	2	1	0	0	0	0	1	2	0	1	0	1	0	0	0	0	0				0.0	0.0							3.82	7.38	0.0	10.16					19.68	0.0		3.82							
P04637	R	C	290	P04637R290C	-2.1	5.0	69.0	180	IPR008967	IPR008967				0	0	0	2	2	0	0	0	1	0	1	1	1	1	1	0	0	0	0	1	2	0	1	0	1	0	0	0	0	0				0.0	0.0																0.0									
P04637	R	C	333	P04637R333C	-2.1	5.0	69.0	180	IPR010991	IPR010991	23.21	82.6	interface	0	0	0	1	1	0	0	0	1	0	1	1	2	1	1	0	0	0	0	1	2	0	2	0	1	0	0	0	0	0				3.8								0.0	0.0	6.87							0.0		0.0		10.56					
P04637	R	C	337	P04637R337C	-2.1	5.0	69.0	180	IPR010991	IPR010991	23.56	38.8	interface	0	0	0	2	1	0	0	0	1	0	1	1	1	2	1	0	0	0	0	1	2	0	2	0	1	0	0	0	0	0				0.0								0.0	5.31	0.0							0.0		0.0		5.13					
P04637	R	C	379	P04637R379C	-2.1	5.0	69.0	180	IPR010991	IPR010991				0	0	0	2	1	0	0	0	1	0	1	1	1	2	1	0	0	0	0	1	2	0	1	0	1	0	0	0	0	0				0.0								9.06		0.0							0.0		9.06							
P04637	R	G	175	P04637R175G	-0.09	1.5	121.0	125	IPR008967	IPR008967	25.53	61.0	surface	0	0	0	2	2	0	0	0	1	0	1	1	1	1	1	0	0	0	0	1	2	0	1	0	1	0	0	0	0	0				0.0	0.0							20.41	9.39	5.4	12.54					3.81	0.0		20.41							
P04637	R	G	213	P04637R213G	-0.09	1.5	121.0	125	IPR008967	IPR008967	16.62	0.0	core	0	0	0	2	2	0	0	0	1	0	1	1	1	1	1	0	0	0	0	1	2	0	1	0	1	0	0	0	0	0				0.0	0.0							16.03	3.79	8.83	7.03					10.81	0.0		16.03							
P04637	R	G	248	P04637R248G	-0.09	1.5	121.0	125	IPR008967	IPR008967	15.52	14.0	interface	0	0	0	2	2	0	0	0	1	0	1	2	1	1	1	0	0	0	0	1	2	0	1	0	1	0	0	0	0	0				0.0	0.0							0.0	5.63	11.27	0.0					10.75	0.0		6.89							
P04637	R	G	273	P04637R273G	-0.09	1.5	121.0	125	IPR008967	IPR008967	28.81	46.6	interface	0	0	0	2	2	0	0	0	1	0	1	1	2	1	1	0	0	0	0	1	2	0	1	0	1	0	0	0	0	0				0.0	0.0							12.96	0.0	8.75	10.32					8.12	0.0		12.96							
P04637	R	G	282	P04637R282G	-0.09	1.5	121.0	125	IPR008967	IPR008967	26.55	3.4	conflict	0	0	0	2	2	0	0	0	1	0	1	1	1	2	1	0	0	0	0	1	2	0	1	0	1	0	0	0	0	0				0.0	0.0							5.47	8.3	0.0	9.77					16.61	0.0		5.47							
P04637	R	G	333	P04637R333G	-0.09	1.5	121.0	125	IPR010991	IPR010991	23.21	82.6	interface	0	0	0	1	1	0	0	0	1	0	1	1	2	1	1	0	0	0	0	1	2	0	2	0	1	0	0	0	0	0				3.8								0.0	0.0	6.87							0.0		0.0		10.56					
P04637	R	G	363	P04637R363G	-0.09	1.5	121.0	125	IPR010991	IPR010991				0	0	0	2	1	0	0	0	1	0	1	1	1	1	1	0	0	0	0	1	2	0	1	0	1	0	0	0	0	0				0.0																	0.0									
P04637	R	H	110	P04637R110H	0.07	0.1	28.0	29	IPR008967	IPR008967	25.63	5.1	interface	0	0	0	2	2	0	0	0	1	0	1	1	1	1	1	0	0	0	0	1	2	0	1	0	1	0	0	0	0	0				0.0	0.0							12.49	0.0	14.44	6.5					20.25	0.0		12.49							
P04637	R	H	156	P04637R156H	0.07	0.1	28.0	29	IPR008967	IPR008967	14.17	0.0	conflict	0	0	0	2	2	0	0	0	1	0	1	1	1	1	1	0	0	0	0	1	2	0	1	0	1	0	0	0	0	0				0.0	0.0							12.4	0.0	13.5	8.75					15.81	0.0		12.4							
P04637	R	H	158	P04637R158H	0.07	0.1	28.0	29	IPR008967	IPR008967	11.05	0.0	core	0	0	0	2	2	0	0	0	1	0	1	1	2	1	1	0	0	0	0	1	2	0	1	0	1	0	0	0	0	0				0.0	0.0							11.55	0.0	12.85	6.4					15.41	0.0		11.55							
P04637	R	H	175	P04637R175H	0.07	0.1	28.0	29	IPR008967	IPR008967	25.53	61.0	surface	0	0	0	2	2	0	0	0	1	0	1	1	1	1	1	0	0	0	0	1	2	0	1	0	1	0	0	0	0	0				0.0	0.0							20.41	9.39	5.4	12.54					3.81	0.0		20.41							
P04637	R	H	181	P04637R181H	0.07	0.1	28.0	29	IPR008967	IPR008967	21.3	25.9	interface	0	0	0	2	2	0	0	0	1	0	1	1	1	1	1	0	0	0	0	1	2	0	1	0	1	0	0	0	0	0				0.0	0.0							20.74	0.0	3.79	9.48					6.6	0.0		20.74							
P04637	R	H	273	P04637R273H	0.07	0.1	28.0	29	IPR008967	IPR008967	28.81	46.6	interface	0	0	0	2	2	0	0	0	1	0	1	1	2	1	1	0	0	0	0	1	2	0	1	0	1	0	0	0	0	0				0.0	0.0							12.96	0.0	8.75	10.32					8.12	0.0		12.96							
P04637	R	H	283	P04637R283H	0.07	0.1	28.0	29	IPR008967	IPR008967	28.35	28.2	interface	0	0	0	2	2	0	0	0	1	0	1	1	1	2	1	0	0	0	0	1	2	0	1	0	1	0	0	0	0	0				0.0	0.0							3.82	7.38	0.0	10.16					19.68	0.0		3.82							
P04637	R	H	290	P04637R290H	0.07	0.1	28.0	29	IPR008967	IPR008967				0	0	0	2	2	0	0	0	1	0	1	1	1	1	1	0	0	0	0	1	2	0	1	0	1	0	0	0	0	0				0.0	0.0																0.0									
P04637	R	H	333	P04637R333H	0.07	0.1	28.0	29	IPR010991	IPR010991	23.21	82.6	interface	0	0	0	1	1	0	0	0	1	0	1	1	2	1	1	0	0	0	0	1	2	0	2	0	1	0	0	0	0	0				3.8								0.0	0.0	6.87							0.0		0.0		10.56					
P04637	R	H	335	P04637R335H	0.07	0.1	28.0	29	IPR010991	IPR010991	25.34	56.9	interface	0	0	0	2	1	0	0	0	1	0	1	2	1	1	1	0	0	0	0	1	2	0	2	0	1	0	0	0	0	0				0.0								0.0	3.81	0.0							0.0		0.0		6.08					
P04637	R	H	337	P04637R337H	0.07	0.1	28.0	29	IPR010991	IPR010991	23.56	38.8	interface	0	0	0	2	1	0	0	0	1	0	1	1	1	2	1	0	0	0	0	1	2	0	2	0	1	0	0	0	0	0				0.0								0.0	5.31	0.0							0.0		0.0		5.13					
P04637	R	H	379	P04637R379H	0.07	0.1	28.0	29	IPR010991	IPR010991				0	0	0	2	1	0	0	0	1	0	1	1	1	2	1	0	0	0	0	1	2	0	1	0	1	0	0	0	0	0				0.0								9.06		0.0							0.0		9.06							
P04637	R	L	110	P04637R110L	0.65	5.6	13.0	102	IPR008967	IPR008967	25.63	5.1	interface	0	0	0	2	2	0	0	0	1	0	1	1	1	1	1	0	0	0	0	1	2	0	1	0	1	0	0	0	0	0				0.0	0.0							12.49	0.0	14.44	6.5					20.25	0.0		12.49							
P04637	R	L	158	P04637R158L	0.65	5.6	13.0	102	IPR008967	IPR008967	11.05	0.0	core	0	0	0	2	2	0	0	0	1	0	1	1	2	1	1	0	0	0	0	1	2	0	1	0	1	0	0	0	0	0				0.0	0.0							11.55	0.0	12.85	6.4					15.41	0.0		11.55							
P04637	R	L	213	P04637R213L	0.65	5.6	13.0	102	IPR008967	IPR008967	16.62	0.0	core	0	0	0	2	2	0	0	0	1	0	1	1	1	1	1	0	0	0	0	1	2	0	1	0	1	0	0	0	0	0				0.0	0.0							16.03	3.79	8.83	7.03					10.81	0.0		16.03							
P04637	R	L	248	P04637R248L	0.65	5.6	13.0	102	IPR008967	IPR008967	15.52	14.0	interface	0	0	0	2	2	0	0	0	1	0	1	2	1	1	1	0	0	0	0	1	2	0	1	0	1	0	0	0	0	0				0.0	0.0							0.0	5.63	11.27	0.0					10.75	0.0		6.89							
P04637	R	L	273	P04637R273L	0.65	5.6	13.0	102	IPR008967	IPR008967	28.81	46.6	interface	0	0	0	2	2	0	0	0	1	0	1	1	2	1	1	0	0	0	0	1	2	0	1	0	1	0	0	0	0	0				0.0	0.0							12.96	0.0	8.75	10.32					8.12	0.0		12.96							
P04637	R	L	290	P04637R290L	0.65	5.6	13.0	102	IPR008967	IPR008967				0	0	0	2	2	0	0	0	1	0	1	1	1	1	1	0	0	0	0	1	2	0	1	0	1	0	0	0	0	0				0.0	0.0																0.0									
P04637	R	L	337	P04637R337L	0.65	5.6	13.0	102	IPR010991	IPR010991	23.56	38.8	interface	0	0	0	2	1	0	0	0	1	0	1	1	1	2	1	0	0	0	0	1	2	0	2	0	1	0	0	0	0	0				0.0								0.0	5.31	0.0							0.0		0.0		5.13					
P04637	R	P	110	P04637R110P	0.26	2.5	91.5	103	IPR008967	IPR008967	25.63	5.1	interface	0	0	0	2	2	0	0	0	1	0	1	1	1	1	1	0	0	0	0	1	2	0	1	0	1	0	0	0	0	0				0.0	0.0							12.49	0.0	14.44	6.5					20.25	0.0		12.49							
P04637	R	P	156	P04637R156P	0.26	2.5	91.5	103	IPR008967	IPR008967	14.17	0.0	conflict	0	0	0	2	2	0	0	0	1	0	1	1	1	1	1	0	0	0	0	1	2	0	1	0	1	0	0	0	0	0				0.0	0.0							12.4	0.0	13.5	8.75					15.81	0.0		12.4							
P04637	R	P	196	P04637R196P	0.26	2.5	91.5	103	IPR008967	IPR008967	29.13	14.4	surface	0	0	0	2	2	0	0	0	1	0	1	1	2	1	1	0	0	0	0	1	2	0	1	0	1	0	0	0	0	0				0.0	0.0							20.7	0.0	12.24	12.82					12.24	0.0		20.7							
P04637	R	P	213	P04637R213P	0.26	2.5	91.5	103	IPR008967	IPR008967	16.62	0.0	core	0	0	0	2	2	0	0	0	1	0	1	1	1	1	1	0	0	0	0	1	2	0	1	0	1	0	0	0	0	0				0.0	0.0							16.03	3.79	8.83	7.03					10.81	0.0		16.03							
P04637	R	P	248	P04637R248P	0.26	2.5	91.5	103	IPR008967	IPR008967	15.52	14.0	interface	0	0	0	2	2	0	0	0	1	0	1	2	1	1	1	0	0	0	0	1	2	0	1	0	1	0	0	0	0	0				0.0	0.0							0.0	5.63	11.27	0.0					10.75	0.0		6.89							
P04637	R	P	273	P04637R273P	0.26	2.5	91.5	103	IPR008967	IPR008967	28.81	46.6	interface	0	0	0	2	2	0	0	0	1	0	1	1	2	1	1	0	0	0	0	1	2	0	1	0	1	0	0	0	0	0				0.0	0.0							12.96	0.0	8.75	10.32					8.12	0.0		12.96							
P04637	R	P	282	P04637R282P	0.26	2.5	91.5	103	IPR008967	IPR008967	26.55	3.4	conflict	0	0	0	2	2	0	0	0	1	0	1	1	1	2	1	0	0	0	0	1	2	0	1	0	1	0	0	0	0	0				0.0	0.0							5.47	8.3	0.0	9.77					16.61	0.0		5.47							
P04637	R	P	337	P04637R337P	0.26	2.5	91.5	103	IPR010991	IPR010991	23.56	38.8	interface	0	0	0	2	1	0	0	0	1	0	1	1	1	2	1	0	0	0	0	1	2	0	2	0	1	0	0	0	0	0				0.0								0.0	5.31	0.0							0.0		0.0		5.13					
P04637	R	P	342	P04637R342P	0.26	2.5	91.5	103	IPR010991	IPR010991	17.82	36.8	interface	0	0	0	2	1	0	0	0	1	0	1	1	1	2	1	0	0	0	0	1	2	0	1	0	2	0	0	0	0	0				0.0								8.56	10.26	0.0							0.0		8.56		0.0					
P04637	R	Q	196	P04637R196Q	-0.24	0.0	39.0	43	IPR008967	IPR008967	29.13	14.4	surface	0	0	0	2	2	0	0	0	1	0	1	1	2	1	1	0	0	0	0	1	2	0	1	0	1	0	0	0	0	0				0.0	0.0							20.7	0.0	12.24	12.82					12.24	0.0		20.7							
P04637	R	Q	213	P04637R213Q	-0.24	0.0	39.0	43	IPR008967	IPR008967	16.62	0.0	core	0	0	0	2	2	0	0	0	1	0	1	1	1	1	1	0	0	0	0	1	2	0	1	0	1	0	0	0	0	0				0.0	0.0							16.03	3.79	8.83	7.03					10.81	0.0		16.03							
P04637	R	Q	248	P04637R248Q	-0.24	0.0	39.0	43	IPR008967	IPR008967	15.52	14.0	interface	0	0	0	2	2	0	0	0	1	0	1	2	1	1	1	0	0	0	0	1	2	0	1	0	1	0	0	0	0	0				0.0	0.0							0.0	5.63	11.27	0.0					10.75	0.0		6.89							
P04637	R	Q	267	P04637R267Q	-0.24	0.0	39.0	43	IPR008967	IPR008967	16.15	0.0	conflict	0	0	0	2	2	0	0	0	1	0	1	1	2	1	1	0	0	0	0	1	2	0	1	0	1	0	0	0	0	0				0.0	0.0							6.45	0.0	13.9	5.49					16.34	0.0		6.45							
P04637	R	Q	282	P04637R282Q	-0.24	0.0	39.0	43	IPR008967	IPR008967	26.55	3.4	conflict	0	0	0	2	2	0	0	0	1	0	1	1	1	2	1	0	0	0	0	1	2	0	1	0	1	0	0	0	0	0				0.0	0.0							5.47	8.3	0.0	9.77					16.61	0.0		5.47							
P04637	R	Q	306	P04637R306Q	-0.24	0.0	39.0	43	IPR008967	IPR008967				0	0	0	2	1	0	0	0	1	0	1	1	1	1	1	0	0	0	0	1	2	0	1	0	2	0	0	0	0	0				0.0																	0.0				0.0					
P04637	R	Q	337	P04637R337Q	-0.24	0.0	39.0	43	IPR010991	IPR010991	23.56	38.8	interface	0	0	0	2	1	0	0	0	1	0	1	1	1	2	1	0	0	0	0	1	2	0	2	0	1	0	0	0	0	0				0.0								0.0	5.31	0.0							0.0		0.0		5.13					
P04637	R	Q	342	P04637R342Q	-0.24	0.0	39.0	43	IPR010991	IPR010991	17.82	36.8	interface	0	0	0	2	1	0	0	0	1	0	1	1	1	2	1	0	0	0	0	1	2	0	1	0	2	0	0	0	0	0				0.0								8.56	10.26	0.0							0.0		8.56		0.0					
P04637	R	S	273	P04637R273S	-0.77	1.3	92.0	110	IPR008967	IPR008967	28.81	46.6	interface	0	0	0	2	2	0	0	0	1	0	1	1	2	1	1	0	0	0	0	1	2	0	1	0	1	0	0	0	0	0				0.0	0.0							12.96	0.0	8.75	10.32					8.12	0.0		12.96							
P04637	R	S	280	P04637R280S	-0.77	1.3	92.0	110	IPR008967	IPR008967	27.45	18.9	interface	0	0	0	2	2	0	0	0	1	0	1	1	1	2	1	0	0	0	0	1	2	0	1	0	1	0	0	0	0	0				0.0	0.0							8.45	6.51	0.0	7.71					14.99	0.0		8.45							
P04637	R	S	283	P04637R283S	-0.77	1.3	92.0	110	IPR008967	IPR008967	28.35	28.2	interface	0	0	0	2	2	0	0	0	1	0	1	1	1	2	1	0	0	0	0	1	2	0	1	0	1	0	0	0	0	0				0.0	0.0							3.82	7.38	0.0	10.16					19.68	0.0		3.82							
P04637	R	S	379	P04637R379S	-0.77	1.3	92.0	110	IPR010991	IPR010991				0	0	0	2	1	0	0	0	1	0	1	1	1	2	1	0	0	0	0	1	2	0	1	0	1	0	0	0	0	0				0.0								9.06		0.0							0.0		9.06							
P04637	R	T	249	P04637R249T	-0.06	1.9	63.0	71	IPR008967	IPR008967	18.64	7.9	interface	0	0	0	2	2	0	0	0	1	0	1	1	1	1	1	0	0	0	0	1	2	0	1	0	1	0	0	0	0	0				0.0	0.0				22.55			3.83	6.97	8.46	3.83					10.88	0.0		11.05							
P04637	R	T	337	P04637R337T	-0.06	1.9	63.0	71	IPR010991	IPR010991	23.56	38.8	interface	0	0	0	2	1	0	0	0	1	0	1	1	1	2	1	0	0	0	0	1	2	0	2	0	1	0	0	0	0	0				0.0								0.0	5.31	0.0							0.0		0.0		5.13					
P04637	R	W	248	P04637R248W	0.52	5.1	-46.0	101	IPR008967	IPR008967	15.52	14.0	interface	0	0	0	2	2	0	0	0	1	0	1	2	1	1	1	0	0	0	0	1	2	0	1	0	1	0	0	0	0	0				0.0	0.0							0.0	5.63	11.27	0.0					10.75	0.0		6.89							
P04637	R	W	267	P04637R267W	0.52	5.1	-46.0	101	IPR008967	IPR008967	16.15	0.0	conflict	0	0	0	2	2	0	0	0	1	0	1	1	2	1	1	0	0	0	0	1	2	0	1	0	1	0	0	0	0	0				0.0	0.0							6.45	0.0	13.9	5.49					16.34	0.0		6.45							
P04637	R	W	282	P04637R282W	0.52	5.1	-46.0	101	IPR008967	IPR008967	26.55	3.4	conflict	0	0	0	2	2	0	0	0	1	0	1	1	1	2	1	0	0	0	0	1	2	0	1	0	1	0	0	0	0	0				0.0	0.0							5.47	8.3	0.0	9.77					16.61	0.0		5.47							
P04637	S	A	116	P04637S116A	1.42	1.1	1.0	99	IPR008967	IPR008967				0	0	0	2	2	0	0	0	1	0	1	1	1	1	1	0	0	0	0	1	2	0	1	0	1	0	0	0	0	0				0.0	0.0																0.0									
P04637	S	A	241	P04637S241A	1.42	1.1	1.0	99	IPR008967	IPR008967	20.25	60.5	interface	0	0	0	2	2	0	0	0	1	0	1	1	1	2	1	0	0	0	0	1	2	0	1	0	1	0	0	0	0	0				0.0	0.0							17.85	10.85	0.0	6.34					3.8	0.0		17.85							
P04637	S	A	366	P04637S366A	1.42	1.1	1.0	99	IPR010991	IPR010991		13.1	interface	0	0	0	2	1	0	0	0	1	0	1	1	1	1	1	0	0	0	0	1	2	0	1	0	1	0	0	0	0	0				0.0								10.52									0.0		10.52		9.66					
P04637	S	C	241	P04637S241C	-1.33	3.7	-23.0	112	IPR008967	IPR008967	20.25	60.5	interface	0	0	0	2	2	0	0	0	1	0	1	1	1	2	1	0	0	0	0	1	2	0	1	0	1	0	0	0	0	0				0.0	0.0							17.85	10.85	0.0	6.34					3.8	0.0		17.85							
P04637	S	C	362	P04637S362C	-1.33	3.7	-23.0	112	IPR010991	IPR010991				0	0	0	1	1	0	0	0	1	0	1	2	1	1	1	0	0	0	0	1	2	0	1	0	1	0	0	0	0	0												0.0									0.0									
P04637	S	F	241	P04637S241F	1.42	4.0	-100.0	155	IPR008967	IPR008967	20.25	60.5	interface	0	0	0	2	2	0	0	0	1	0	1	1	1	2	1	0	0	0	0	1	2	0	1	0	1	0	0	0	0	0				0.0	0.0							17.85	10.85	0.0	6.34					3.8	0.0		17.85							
P04637	S	F	314	P04637S314F	1.42	4.0	-100.0	155	IPR010991	IPR010991				0	0	0	2	1	0	0	0	1	0	1	1	1	1	1	0	0	0	0	1	2	0	1	0	2	0	0	0	0	0				0.0																	0.0				0.0					
P04637	S	G	240	P04637S240G	0.68	0.2	29.0	56	IPR008967	IPR008967	22.04	51.0	surface	0	0	0	2	2	0	0	0	1	0	1	1	1	1	1	0	0	0	0	1	2	0	1	0	1	0	0	0	0	0				0.0	0.0							16.48	10.0	0.0	4.6					5.14	0.0		16.48							
P04637	S	I	215	P04637S215I	1.42	4.0	-79.0	142	IPR008967	IPR008967	21.71	0.0	core	0	0	0	2	2	0	0	0	1	0	1	1	2	1	1	0	0	0	0	1	2	0	1	0	1	0	0	0	0	0				0.0	0.0							19.97	0.0	12.9	11.79					12.91	0.0		19.97							
P04637	S	I	362	P04637S362I	1.42	4.0	-79.0	142	IPR010991	IPR010991				0	0	0	1	1	0	0	0	1	0	1	2	1	1	1	0	0	0	0	1	2	0	1	0	1	0	0	0	0	0												0.0									0.0									
P04637	S	N	185	P04637S185N	0.09	-2.4	-24.0	46	IPR008967	IPR008967				0	0	0	2	2	0	0	0	1	0	1	1	1	1	1	0	0	0	0	1	2	0	1	0	1	0	0	0	0	0				0.0	0.0																0.0									
P04637	S	N	362	P04637S362N	0.09	-2.4	-24.0	46	IPR010991	IPR010991				0	0	0	1	1	0	0	0	1	0	1	2	1	1	1	0	0	0	0	1	2	0	1	0	1	0	0	0	0	0												0.0									0.0									
P04637	S	N	367	P04637S367N	0.09	-2.4	-24.0	46	IPR010991	IPR010991		0.0	conflict	0	0	0	1	1	0	0	0	1	0	1	1	1	1	1	0	0	0	0	1	2	0	1	0	1	0	0	0	0	0				3.82								8.96									0.0		8.96		8.96					
P04637	S	P	241	P04637S241P	1.03	1.2	-0.5	74	IPR008967	IPR008967	20.25	60.5	interface	0	0	0	2	2	0	0	0	1	0	1	1	1	2	1	0	0	0	0	1	2	0	1	0	1	0	0	0	0	0				0.0	0.0							17.85	10.85	0.0	6.34					3.8	0.0		17.85							
P04637	S	P	6	P04637S6P	1.03	1.2	-0.5	74	IPR013872	domainX	3.81			0	0	0	2	1	0	0	0	1	0	1	1	1	1	1	0	0	0	0	1	2	0	1	0	1	0	0	0	0	0				0.0	63.31				84.27		11.29	8.01	12.97	0.0	6.51					88.42	0.0		7.86		8.01					
P04637	S	R	9	P04637S9R	0.77	-1.3	-92.0	110	IPR013872	domainX	7.29			0	0	0	1	1	0	0	0	1	0	1	1	1	1	2	0	0	0	0	1	2	0	2	0	1	0	0	0	0	0				3.82	66.62				88.06		12.79	12.14	12.31	7.15	0.0					92.12	0.0		0.0		12.14					
P04637	S	T	315	P04637S315T	0.71	0.6	-29.0	58	IPR010991	IPR010991				0	0	0	2	1	0	0	0	1	0	1	1	1	1	1	0	0	0	0	1	2	0	2	0	2	0	0	0	0	0				0.0																	0.0		0.0		0.0					
P04637	S	Y	241	P04637S241Y	1.22	3.0	-104.0	144	IPR008967	IPR008967	20.25	60.5	interface	0	0	0	2	2	0	0	0	1	0	1	1	1	2	1	0	0	0	0	1	2	0	1	0	1	0	0	0	0	0				0.0	0.0							17.85	10.85	0.0	6.34					3.8	0.0		17.85							
P04637	S	Y	260	P04637S260Y	1.22	3.0	-104.0	144	IPR008967	IPR008967	16.9	35.2	interface	0	0	0	2	2	0	0	0	1	0	1	1	1	1	1	0	0	0	0	1	2	0	1	0	1	0	0	0	0	0				0.0	0.0							25.35	0.0	22.4	13.55					24.97	0.0		25.35							
P04637	T	A	155	P04637T155A	0.71	0.5	30.0	58	IPR008967	IPR008967	15.3	0.1	core	0	0	0	2	2	0	0	0	1	0	1	1	1	1	1	0	0	0	0	1	2	0	1	0	1	0	0	0	0	0				0.0	0.0							16.04	3.8	14.44	10.12					16.06	0.0		16.04							
P04637	T	A	304	P04637T304A	0.71	0.5	30.0	58	IPR008967	IPR008967				0	0	0	2	1	0	0	0	1	0	1	1	1	1	1	0	0	0	0	1	2	0	1	0	1	0	0	0	0	0				0.0																	0.0									
P04637	T	I	329	P04637T329I	0.71	3.4	-50.0	89	IPR010991	IPR010991	10.32	63.4	interface	0	0	0	2	1	0	0	0	1	0	1	1	2	1	1	0	0	0	0	1	2	0	1	0	1	0	0	0	0	0				0.0								13.27	0.0	12.03							0.0		13.27		12.03					
P04637	T	M	125	P04637T125M	0.71	2.9	-44.0	81	IPR008967	IPR008967	25.08	55.4	surface	0	0	0	2	2	0	0	0	1	0	1	1	2	1	1	0	0	0	0	1	2	0	1	0	1	0	0	0	0	0				0.0	0.0							12.08	0.0	10.16	4.69					21.21	0.0		12.08							
P04637	T	M	170	P04637T170M	0.71	2.9	-44.0	81	IPR008967	IPR008967	11.15	0.0	conflict	0	0	0	2	2	0	0	0	1	0	1	1	1	1	1	0	0	0	0	1	2	0	1	0	1	0	0	0	0	0				0.0	0.0							12.28	6.11	6.37	6.93					7.33	0.0		12.28							
P04637	T	P	125	P04637T125P	0.32	0.6	28.5	38	IPR008967	IPR008967	25.08	55.4	surface	0	0	0	2	2	0	0	0	1	0	1	1	2	1	1	0	0	0	0	1	2	0	1	0	1	0	0	0	0	0				0.0	0.0							12.08	0.0	10.16	4.69					21.21	0.0		12.08							
P04637	T	R	387	P04637T387R	0.06	-1.9	-63.0	71	IPR010991	IPR010991		0.8	conflict	0	0	0	1	1	0	0	0	1	0	1	2	1	1	1	0	0	0	0	1	2	0	1	0	1	0	0	0	0	0				7.01							6.81	0.0									0.0									
P04637	T	S	155	P04637T155S	-0.71	-0.6	29.0	58	IPR008967	IPR008967	15.3	0.1	core	0	0	0	2	2	0	0	0	1	0	1	1	1	1	1	0	0	0	0	1	2	0	1	0	1	0	0	0	0	0				0.0	0.0							16.04	3.8	14.44	10.12					16.06	0.0		16.04							
P04637	T	S	312	P04637T312S	-0.71	-0.6	29.0	58	IPR010991	IPR010991				0	0	0	2	1	0	0	0	1	0	1	1	1	1	1	0	0	0	0	1	2	0	1	0	2	0	0	0	0	0				0.0																	0.0				0.0					
P04637	T	S	377	P04637T377S	-0.71	-0.6	29.0	58	IPR010991	IPR010991				0	0	0	1	1	0	0	0	1	0	1	1	1	2	1	0	0	0	0	1	2	0	1	0	1	0	0	0	0	0				3.81								8.01		0.0							0.0		8.01							
P04637	V	A	157	P04637V157A	0.0	-2.2	53.0	64	IPR008967	IPR008967	11.03	0.0	core	0	0	0	2	2	0	0	0	1	0	1	1	2	1	1	0	0	0	0	1	2	0	1	0	1	0	0	0	0	0				0.0	0.0							11.57	0.0	12.86	6.41					15.44	0.0		11.57							
P04637	V	A	173	P04637V173A	0.0	-2.2	53.0	64	IPR008967	IPR008967	18.1	8.4	surface	0	0	0	2	2	0	0	0	1	0	1	1	1	1	1	0	0	0	0	1	2	0	1	0	1	0	0	0	0	0				0.0	0.0							14.49	5.71	5.66	7.89					5.89	0.0		14.49							
P04637	V	A	274	P04637V274A	0.0	-2.2	53.0	64	IPR008967	IPR008967	30.16	24.0	surface	0	0	0	2	2	0	0	0	1	0	1	1	1	1	1	0	0	0	0	1	2	0	1	0	1	0	0	0	0	0				0.0	0.0							13.19	0.0	6.2	9.29					11.14	0.0		13.19							
P04637	V	D	274	P04637V274D	-1.38	-7.1	30.0	152	IPR008967	IPR008967	30.16	24.0	surface	0	0	0	2	2	0	0	0	1	0	1	1	1	1	1	0	0	0	0	1	2	0	1	0	1	0	0	0	0	0				0.0	0.0							13.19	0.0	6.2	9.29					11.14	0.0		13.19							
P04637	V	E	173	P04637V173E	-0.92	-6.4	1.0	121	IPR008967	IPR008967	18.1	8.4	surface	0	0	0	2	2	0	0	0	1	0	1	1	1	1	1	0	0	0	0	1	2	0	1	0	1	0	0	0	0	0				0.0	0.0							14.49	5.71	5.66	7.89					5.89	0.0		14.49							
P04637	V	E	216	P04637V216E	-0.92	-6.4	1.0	121	IPR008967	IPR008967	23.75	17.1	surface	0	0	0	2	2	0	0	0	1	0	1	1	2	1	1	0	0	0	0	1	2	0	1	0	1	0	0	0	0	0				0.0	0.0							22.76	0.0	15.98	11.05					15.98	0.0		22.76							
P04637	V	E	272	P04637V272E	-0.92	-6.4	1.0	121	IPR008967	IPR008967	25.11	0.0	core	0	0	0	2	2	0	0	0	1	0	1	1	2	1	1	0	0	0	0	1	2	0	1	0	1	0	0	0	0	0				0.0	0.0							9.43	0.0	7.83	9.65					5.68	0.0		9.43							
P04637	V	F	172	P04637V172F	0.0	0.7	-48.0	50	IPR008967	IPR008967	18.1	8.4	interface	0	0	0	2	2	0	0	0	1	0	1	1	1	1	1	0	0	0	0	1	2	0	1	0	1	0	0	0	0	0				0.0	0.0							14.5	5.71	5.65	7.9					5.9	0.0		14.5							
P04637	V	F	274	P04637V274F	0.0	0.7	-48.0	50	IPR008967	IPR008967	30.16	24.0	surface	0	0	0	2	2	0	0	0	1	0	1	1	1	1	1	0	0	0	0	1	2	0	1	0	1	0	0	0	0	0				0.0	0.0							13.19	0.0	6.2	9.29					11.14	0.0		13.19							
P04637	V	G	10	P04637V10G	-0.74	-3.1	81.0	109	IPR013872	domainX	5.26			0	0	0	2	1	0	0	0	1	0	1	1	1	1	1	0	0	0	0	1	2	0	1	0	1	0	0	0	0	0				0.0	63.85				85.27		12.74	10.06	10.82	5.26	0.0					89.83	0.0		3.82		10.74					
P04637	V	G	216	P04637V216G	-0.74	-3.1	81.0	109	IPR008967	IPR008967	23.75	17.1	surface	0	0	0	2	2	0	0	0	1	0	1	1	2	1	1	0	0	0	0	1	2	0	1	0	1	0	0	0	0	0				0.0	0.0							22.76	0.0	15.98	11.05					15.98	0.0		22.76							
P04637	V	I	10	P04637V10I	0.0	0.7	-27.0	29	IPR013872	domainX	5.26			0	0	0	2	1	0	0	0	1	0	1	1	1	1	1	0	0	0	0	1	2	0	1	0	1	0	0	0	0	0				0.0	63.85				85.27		12.74	10.06	10.82	5.26	0.0					89.83	0.0		3.82		10.74					
P04637	V	I	157	P04637V157I	0.0	0.7	-27.0	29	IPR008967	IPR008967	11.03	0.0	core	0	0	0	2	2	0	0	0	1	0	1	1	2	1	1	0	0	0	0	1	2	0	1	0	1	0	0	0	0	0				0.0	0.0							11.57	0.0	12.86	6.41					15.44	0.0		11.57							
P04637	V	I	31	P04637V31I	0.0	0.7	-27.0	29	IPR013872	domainX				0	0	0	2	1	0	0	0	1	0	1	1	1	1	1	0	0	0	0	1	2	0	1	0	1	0	0	0	0	0				0.0																	0.0									
P04637	V	L	173	P04637V173L	0.0	1.0	-27.0	32	IPR008967	IPR008967	18.1	8.4	surface	0	0	0	2	2	0	0	0	1	0	1	1	1	1	1	0	0	0	0	1	2	0	1	0	1	0	0	0	0	0				0.0	0.0							14.49	5.71	5.66	7.89					5.89	0.0		14.49							
P04637	V	L	216	P04637V216L	0.0	1.0	-27.0	32	IPR008967	IPR008967	23.75	17.1	surface	0	0	0	2	2	0	0	0	1	0	1	1	2	1	1	0	0	0	0	1	2	0	1	0	1	0	0	0	0	0				0.0	0.0							22.76	0.0	15.98	11.05					15.98	0.0		22.76							
P04637	V	L	225	P04637V225L	0.0	1.0	-27.0	32	IPR008967	IPR008967	32.76	59.4	interface	0	0	0	2	2	0	0	0	1	0	1	1	1	1	1	0	0	0	0	1	2	0	1	0	1	0	0	0	0	0				0.0	0.0							24.31	7.59	26.92	0.0					29.38	0.0		24.31							
P04637	V	L	272	P04637V272L	0.0	1.0	-27.0	32	IPR008967	IPR008967	25.11	0.0	core	0	0	0	2	2	0	0	0	1	0	1	1	2	1	1	0	0	0	0	1	2	0	1	0	1	0	0	0	0	0				0.0	0.0							9.43	0.0	7.83	9.65					5.68	0.0		9.43							
P04637	V	M	173	P04637V173M	0.0	0.2	-21.0	21	IPR008967	IPR008967	18.1	8.4	surface	0	0	0	2	2	0	0	0	1	0	1	1	1	1	1	0	0	0	0	1	2	0	1	0	1	0	0	0	0	0				0.0	0.0							14.49	5.71	5.66	7.89					5.89	0.0		14.49							
P04637	V	M	217	P04637V217M	0.0	0.2	-21.0	21	IPR008967	IPR008967	24.18	5.8	surface	0	0	0	2	2	0	0	0	1	0	1	1	2	1	1	0	0	0	0	1	2	0	1	0	1	0	0	0	0	0				0.0	0.0							22.2	0.0	19.11	8.22					19.11	0.0		22.2							
P04637	V	M	218	P04637V218M	0.0	0.2	-21.0	21	IPR008967	IPR008967	27.77	30.2	surface	0	0	0	2	2	0	0	0	1	0	1	1	2	1	1	0	0	0	0	1	2	0	1	0	1	0	0	0	0	0				0.0	0.0							24.04	0.0	20.48	6.78					20.48	0.0		24.04							
P04637	V	M	272	P04637V272M	0.0	0.2	-21.0	21	IPR008967	IPR008967	25.11	0.0	core	0	0	0	2	2	0	0	0	1	0	1	1	2	1	1	0	0	0	0	1	2	0	1	0	1	0	0	0	0	0				0.0	0.0							9.43	0.0	7.83	9.65					5.68	0.0		9.43							
P04637	V	M	73	P04637V73M	0.0	0.2	-21.0	21	IPR008967	IPR008967	24.91	43.1	interface	0	0	0	2	1	0	0	0	1	0	1	1	1	1	1	0	0	0	0	1	2	0	1	0	1	0	0	0	0	0				0.0	4.69				15.96			20.77	5.12	12.84	8.97					6.14	0.0		15.96							
P04637	Y	C	163	P04637Y163C	-2.55	0.7	81.0	194	IPR008967	IPR008967	9.75	54.4	surface	0	0	0	2	2	0	0	0	1	0	1	1	2	1	1	0	0	0	0	1	2	0	1	0	1	0	0	0	0	0				0.0	0.0							16.01	0.0	3.81	10.91					16.65	0.0		16.01							
P04637	Y	C	205	P04637Y205C	-2.55	0.7	81.0	194	IPR008967	IPR008967	11.57	8.1	interface	0	0	0	2	2	0	0	0	1	0	1	1	2	1	1	0	0	0	0	1	2	0	1	0	1	0	0	0	0	0				0.0	0.0							21.76	0.0	13.54	4.67					17.07	0.0		21.76							
P04637	Y	C	220	P04637Y220C	-2.55	0.7	81.0	194	IPR008967	IPR008967	29.75	22.0	surface	0	0	0	2	2	0	0	0	1	0	1	1	1	1	1	0	0	0	0	1	2	0	1	0	1	0	0	0	0	0				0.0	0.0							25.21	0.05	24.06	6.04					24.06	0.0		25.21							
P04637	Y	C	234	P04637Y234C	-2.55	0.7	81.0	194	IPR008967	IPR008967	21.68	9.9	surface	0	0	0	2	2	0	0	0	1	0	1	1	2	1	1	0	0	0	0	1	2	0	1	0	1	0	0	0	0	0				0.0	0.0							12.23	0.0	9.16	11.58					6.97	0.0		12.23							
P04637	Y	C	236	P04637Y236C	-2.55	0.7	81.0	194	IPR008967	IPR008967	21.05	0.0	core	0	0	0	2	2	0	0	0	1	0	1	1	1	1	1	0	0	0	0	1	2	0	1	0	1	0	0	0	0	0				0.0	0.0							11.47	0.0	8.31	8.41					3.79	0.0		11.47							
P04637	Y	D	163	P04637Y163D	-1.18	-6.8	82.0	160	IPR008967	IPR008967	9.75	54.4	surface	0	0	0	2	2	0	0	0	1	0	1	1	2	1	1	0	0	0	0	1	2	0	1	0	1	0	0	0	0	0				0.0	0.0							16.01	0.0	3.81	10.91					16.65	0.0		16.01							
P04637	Y	D	220	P04637Y220D	-1.18	-6.8	82.0	160	IPR008967	IPR008967	29.75	22.0	surface	0	0	0	2	2	0	0	0	1	0	1	1	1	1	1	0	0	0	0	1	2	0	1	0	1	0	0	0	0	0				0.0	0.0							25.21	0.05	24.06	6.04					24.06	0.0		25.21							
P04637	Y	D	236	P04637Y236D	-1.18	-6.8	82.0	160	IPR008967	IPR008967	21.05	0.0	core	0	0	0	2	2	0	0	0	1	0	1	1	1	1	1	0	0	0	0	1	2	0	1	0	1	0	0	0	0	0				0.0	0.0							11.47	0.0	8.31	8.41					3.79	0.0		11.47							
P04637	Y	F	205	P04637Y205F	0.2	1.0	4.0	22	IPR008967	IPR008967	11.57	8.1	interface	0	0	0	2	2	0	0	0	1	0	1	1	2	1	1	0	0	0	0	1	2	0	1	0	1	0	0	0	0	0				0.0	0.0							21.76	0.0	13.54	4.67					17.07	0.0		21.76							
P04637	Y	H	107	P04637Y107H	-0.38	-4.2	40.0	83	IPR008967	IPR008967	21.63	23.8	interface	0	0	0	2	2	0	0	0	1	0	1	1	1	1	2	0	0	0	0	1	2	0	1	0	1	0	0	0	0	0				0.0	0.0							16.83	5.26	22.1	0.0					26.01	0.0		16.83							
P04637	Y	H	163	P04637Y163H	-0.38	-4.2	40.0	83	IPR008967	IPR008967	9.75	54.4	surface	0	0	0	2	2	0	0	0	1	0	1	1	2	1	1	0	0	0	0	1	2	0	1	0	1	0	0	0	0	0				0.0	0.0							16.01	0.0	3.81	10.91					16.65	0.0		16.01							
P04637	Y	H	220	P04637Y220H	-0.38	-4.2	40.0	83	IPR008967	IPR008967	29.75	22.0	surface	0	0	0	2	2	0	0	0	1	0	1	1	1	1	1	0	0	0	0	1	2	0	1	0	1	0	0	0	0	0				0.0	0.0							25.21	0.05	24.06	6.04					24.06	0.0		25.21							
P04637	Y	H	234	P04637Y234H	-0.38	-4.2	40.0	83	IPR008967	IPR008967	21.68	9.9	surface	0	0	0	2	2	0	0	0	1	0	1	1	2	1	1	0	0	0	0	1	2	0	1	0	1	0	0	0	0	0				0.0	0.0							12.23	0.0	9.16	11.58					6.97	0.0		12.23							
P04637	Y	N	220	P04637Y220N	-1.13	-5.4	80.0	143	IPR008967	IPR008967	29.75	22.0	surface	0	0	0	2	2	0	0	0	1	0	1	1	1	1	1	0	0	0	0	1	2	0	1	0	1	0	0	0	0	0				0.0	0.0							25.21	0.05	24.06	6.04					24.06	0.0		25.21							
P04637	Y	S	205	P04637Y205S	-1.22	-3.0	104.0	144	IPR008967	IPR008967	11.57	8.1	interface	0	0	0	2	2	0	0	0	1	0	1	1	2	1	1	0	0	0	0	1	2	0	1	0	1	0	0	0	0	0				0.0	0.0							21.76	0.0	13.54	4.67					17.07	0.0		21.76							
P04637	Y	S	220	P04637Y220S	-1.22	-3.0	104.0	144	IPR008967	IPR008967	29.75	22.0	surface	0	0	0	2	2	0	0	0	1	0	1	1	1	1	1	0	0	0	0	1	2	0	1	0	1	0	0	0	0	0				0.0	0.0							25.21	0.05	24.06	6.04					24.06	0.0		25.21							
P04637	Y	S	234	P04637Y234S	-1.22	-3.0	104.0	144	IPR008967	IPR008967	21.68	9.9	surface	0	0	0	2	2	0	0	0	1	0	1	1	2	1	1	0	0	0	0	1	2	0	1	0	1	0	0	0	0	0				0.0	0.0							12.23	0.0	9.16	11.58					6.97	0.0		12.23							
