prot_uniprotAcc	wt_residue	mut_residue	position	meta_merged	composition	polarity	volume	granthamScore	domains_all	domains_sig	domains_3Ddist	sasa	location_3state	disulfide_bin	intMet_bin	intramembrane_bin	naturalVariant_bin	dnaBinding_bin	activeSite_bin	nucleotideBinding_bin	lipidation_bin	site_bin	transmembrane_bin	crosslink_bin	mutagenesis_bin	strand_bin	helix_bin	turn_bin	metalBinding_bin	repeat_bin	caBinding_bin	topologicalDomain_bin	bindingSite_bin	region_bin	signalPeptide_bin	modifiedResidue_bin	zincFinger_bin	motif_bin	coiledCoil_bin	peptide_bin	transitPeptide_bin	glycosylation_bin	propeptide_bin	disulfide_dist	intMet_dist	intramembrane_dist	naturalVariant_dist	dnaBinding_dist	activeSite_dist	nucleotideBinding_dist	lipidation_dist	site_dist	transmembrane_dist	crosslink_dist	mutagenesis_dist	strand_dist	helix_dist	turn_dist	metalBinding_dist	repeat_dist	caBinding_dist	topologicalDomain_dist	bindingSite_dist	region_dist	signalPeptide_dist	modifiedResidue_dist	zincFinger_dist	motif_dist	coiledCoil_dist	peptide_dist	transitPeptide_dist	glycosylation_dist	propeptide_dist
P0DP23	A	T	148	P0DP23A148T	-0.71	-0.5	-30.0	58	-1	domainX				0	1	0	1	0	0	0	0	0	0	1	0	1	1	1	0	0	0	0	1	2	0	1	0	0	0	0	0	0	0	17.84	30.8	24.96	13.12	23.62	18.97	20.87	29.59	20.7	12.7	22.85	17.21	9.8	9	15.99	16.82	20.46	24.58	9.99	17.43	0.0	30.91	20.86	22.14	21.91	28.45	17.81	25.12	20.33	22.36
P0DP23	A	T	16	P0DP23A16T	-0.71	-0.5	-30.0	58	-1	domainX				0	1	0	1	0	0	0	0	0	0	1	0	1	2	1	0	0	0	0	1	1	0	1	0	0	0	0	0	0	0	17.84	30.8	24.96	16.65	23.62	18.97	20.87	29.59	20.7	12.7	11.69	17.21	8.67	0.0	25.38	16.82	20.46	24.58	9.99	8.67	20.08	30.91	7.41	22.14	21.91	28.45	17.81	25.12	20.33	22.36
P0DP23	D	A	130	P0DP23D130A	1.38	4.9	23.0	126	-1	domainX		46.3	surface	0	1	0	2	0	0	0	0	0	0	1	0	1	1	1	0	0	0	0	2	2	0	1	0	0	0	0	0	0	0	17.84	30.8	24.96	0.0	23.62	18.97	20.87	29.59	20.7	12.7	39.34	17.21	7.56	7.68	0.0	16.82	20.46	24.58	9.99	0.0	0.0	30.91	13.34	22.14	21.91	28.45	17.81	25.12	20.33	22.36
P0DP23	D	E	132	P0DP23D132E	0.46	0.7	-29.0	45	-1	domainX		8.9	surface	0	1	0	1	0	0	0	0	0	0	1	0	1	1	1	0	0	0	0	2	2	0	1	0	0	0	0	0	0	0	17.84	30.8	24.96	5.3	23.62	18.97	20.87	29.59	20.7	12.7	36.63	17.21	3.83	6.36	0.0	16.82	20.46	24.58	9.99	0.0	0.0	30.91	8.33	22.14	21.91	28.45	17.81	25.12	20.33	22.36
P0DP23	D	G	130	P0DP23D130G	0.64	4.0	51.0	94	-1	domainX		46.3	surface	0	1	0	2	0	0	0	0	0	0	1	0	1	1	1	0	0	0	0	2	2	0	1	0	0	0	0	0	0	0	17.84	30.8	24.96	0.0	23.62	18.97	20.87	29.59	20.7	12.7	39.34	17.21	7.56	7.68	0.0	16.82	20.46	24.58	9.99	0.0	0.0	30.91	13.34	22.14	21.91	28.45	17.81	25.12	20.33	22.36
P0DP23	D	H	134	P0DP23D134H	0.8	2.6	-42.0	81	-1	domainX		0.0	core	0	1	0	1	0	0	0	0	0	0	1	0	2	1	1	0	0	0	0	2	2	0	1	0	0	0	0	0	0	0	17.84	30.8	24.96	4.89	23.62	18.97	20.87	29.59	20.7	12.7	33.55	17.21	0.0	6.21	7.03	16.82	20.46	24.58	9.99	0.0	0.0	30.91	6.21	22.14	21.91	28.45	17.81	25.12	20.33	22.36
P0DP23	D	N	132	P0DP23D132N	0.05	1.4	-2.0	23	-1	domainX		8.9	surface	0	1	0	1	0	0	0	0	0	0	1	0	1	1	1	0	0	0	0	2	2	0	1	0	0	0	0	0	0	0	17.84	30.8	24.96	5.3	23.62	18.97	20.87	29.59	20.7	12.7	36.63	17.21	3.83	6.36	0.0	16.82	20.46	24.58	9.99	0.0	0.0	30.91	8.33	22.14	21.91	28.45	17.81	25.12	20.33	22.36
P0DP23	D	V	132	P0DP23D132V	1.38	7.1	-30.0	152	-1	domainX		8.9	surface	0	1	0	1	0	0	0	0	0	0	1	0	1	1	1	0	0	0	0	2	2	0	1	0	0	0	0	0	0	0	17.84	30.8	24.96	5.3	23.62	18.97	20.87	29.59	20.7	12.7	36.63	17.21	3.83	6.36	0.0	16.82	20.46	24.58	9.99	0.0	0.0	30.91	8.33	22.14	21.91	28.45	17.81	25.12	20.33	22.36
P0DP23	E	A	105	P0DP23E105A	0.92	4.2	52.0	107	-1	domainX		50.4	surface	0	1	0	1	0	0	0	0	0	0	1	0	1	2	1	0	0	0	0	2	2	0	1	0	0	0	0	0	0	0	17.84	30.8	24.96	8.17	23.62	18.97	20.87	29.59	20.7	12.7	25.79	17.21	6.24	0.0	16.77	16.82	20.46	24.58	9.99	0.0	0.0	30.91	5.13	22.14	21.91	28.45	17.81	25.12	20.33	22.36
P0DP23	E	G	141	P0DP23E141G	0.18	3.3	80.0	98	-1	domainX		43.4	surface	0	1	0	2	0	0	0	0	0	0	1	0	1	2	1	0	0	0	0	2	2	0	1	0	0	0	0	0	0	0	17.84	30.8	24.96	0.0	23.62	18.97	20.87	29.59	20.7	12.7	32.2	17.21	5.2	0.0	14.75	16.82	20.46	24.58	9.99	0.0	0.0	30.91	5.41	22.14	21.91	28.45	17.81	25.12	20.33	22.36
P0DP23	E	K	105	P0DP23E105K	0.59	1.0	-36.0	56	-1	domainX		50.4	surface	0	1	0	1	0	0	0	0	0	0	1	0	1	2	1	0	0	0	0	2	2	0	1	0	0	0	0	0	0	0	17.84	30.8	24.96	8.17	23.62	18.97	20.87	29.59	20.7	12.7	25.79	17.21	6.24	0.0	16.77	16.82	20.46	24.58	9.99	0.0	0.0	30.91	5.13	22.14	21.91	28.45	17.81	25.12	20.33	22.36
P0DP23	E	V	140	P0DP23E140V	0.92	6.4	-1.0	121	-1	domainX		13.6	surface	0	1	0	1	0	0	0	0	0	0	1	0	1	2	1	0	0	0	0	1	2	0	1	0	0	0	0	0	0	0	17.84	30.8	24.96	3.79	23.62	18.97	20.87	29.59	20.7	12.7	31.83	17.21	5.16	0.0	16.09	16.82	20.46	24.58	9.99	3.79	0.0	30.91	3.8	22.14	21.91	28.45	17.81	25.12	20.33	22.36
P0DP23	E	V	141	P0DP23E141V	0.92	6.4	-1.0	121	-1	domainX		43.4	surface	0	1	0	2	0	0	0	0	0	0	1	0	1	2	1	0	0	0	0	2	2	0	1	0	0	0	0	0	0	0	17.84	30.8	24.96	0.0	23.62	18.97	20.87	29.59	20.7	12.7	32.2	17.21	5.2	0.0	14.75	16.82	20.46	24.58	9.99	0.0	0.0	30.91	5.41	22.14	21.91	28.45	17.81	25.12	20.33	22.36
P0DP23	F	L	142	P0DP23F142L	0.0	0.3	21.0	22	-1	domainX		33.3	surface	0	1	0	2	0	0	0	0	0	0	1	0	1	2	1	0	0	0	0	1	2	0	1	0	0	0	0	0	0	0	17.84	30.8	24.96	0.0	23.62	18.97	20.87	29.59	20.7	12.7	29.04	17.21	10.09	0.0	19.65	16.82	20.46	24.58	9.99	5.25	0.0	30.91	8.63	22.14	21.91	28.45	17.81	25.12	20.33	22.36
P0DP23	F	L	90	P0DP23F90L	0.0	0.3	21.0	22	-1	domainX				0	1	0	2	0	0	0	0	0	0	1	0	1	2	1	0	0	0	0	1	2	0	1	0	0	0	0	0	0	0	17.84	30.8	24.96	0.0	23.62	18.97	20.87	29.59	20.7	12.7	28.1	17.21	6.15	0.0	14.9	16.82	20.46	24.58	9.99	6.15	0.0	30.91	5.89	22.14	21.91	28.45	17.81	25.12	20.33	22.36
P0DP23	G	E	133	P0DP23G133E	-0.18	-3.3	-80.0	98	-1	domainX		21.1	surface	0	1	0	1	0	0	0	0	0	0	1	0	1	1	1	0	0	0	0	1	2	0	1	0	0	0	0	0	0	0	17.84	30.8	24.96	5.53	23.62	18.97	20.87	29.59	20.7	12.7	35.19	17.21	0.0	6.56	3.83	16.82	20.46	24.58	9.99	3.8	0.0	30.91	7.24	22.14	21.91	28.45	17.81	25.12	20.33	22.36
P0DP23	I	T	131	P0DP23I131T	-0.71	-3.4	50.0	89	-1	domainX		43.0	surface	0	1	0	1	0	0	0	0	0	0	1	0	1	1	2	0	0	0	0	1	2	0	1	0	0	0	0	0	0	0	17.84	30.8	24.96	3.79	23.62	18.97	20.87	29.59	20.7	12.7	39.92	17.21	5.59	9.15	0.0	16.82	20.46	24.58	9.99	3.79	0.0	30.91	11.75	22.14	21.91	28.45	17.81	25.12	20.33	22.36
P0DP23	I	V	10	P0DP23I10V	0.0	-0.7	27.0	29	-1	domainX				0	1	0	1	0	0	0	0	0	0	1	0	1	2	1	0	0	0	0	1	1	0	1	0	0	0	0	0	0	0	17.84	30.8	24.96	14.97	23.62	18.97	20.87	29.59	20.7	12.7	16.3	17.21	8.88	0.0	24.29	16.82	20.46	24.58	9.99	8.88	20.08	30.91	10.35	22.14	21.91	28.45	17.81	25.12	20.33	22.36
P0DP23	N	I	54	P0DP23N54I	1.33	6.4	-55.0	149	-1	domainX				0	1	0	2	0	0	0	0	0	0	1	0	1	2	1	0	0	0	0	1	1	0	1	0	0	0	0	0	0	0	17.84	30.8	24.96	0.0	23.62	18.97	20.87	29.59	20.7	12.7	16.64	17.21	6.11	0.0	38.65	16.82	20.46	24.58	9.99	5.43	20.08	30.91	13.94	22.14	21.91	28.45	17.81	25.12	20.33	22.36
P0DP23	N	I	98	P0DP23N98I	1.33	6.4	-55.0	149	-1	domainX		0.0	core	0	1	0	2	0	0	0	0	0	0	1	0	2	1	1	0	0	0	0	2	2	0	1	0	0	0	0	0	0	0	17.84	30.8	24.96	0.0	23.62	18.97	20.87	29.59	20.7	12.7	32.36	17.21	0.0	6.74	9.15	16.82	20.46	24.58	9.99	0.0	0.0	30.91	6.03	22.14	21.91	28.45	17.81	25.12	20.33	22.36
P0DP23	N	S	54	P0DP23N54S	-0.09	2.4	24.0	46	-1	domainX				0	1	0	2	0	0	0	0	0	0	1	0	1	2	1	0	0	0	0	1	1	0	1	0	0	0	0	0	0	0	17.84	30.8	24.96	0.0	23.62	18.97	20.87	29.59	20.7	12.7	16.64	17.21	6.11	0.0	38.65	16.82	20.46	24.58	9.99	5.43	20.08	30.91	13.94	22.14	21.91	28.45	17.81	25.12	20.33	22.36
P0DP23	N	S	98	P0DP23N98S	-0.09	2.4	24.0	46	-1	domainX		0.0	core	0	1	0	2	0	0	0	0	0	0	1	0	2	1	1	0	0	0	0	2	2	0	1	0	0	0	0	0	0	0	17.84	30.8	24.96	0.0	23.62	18.97	20.87	29.59	20.7	12.7	32.36	17.21	0.0	6.74	9.15	16.82	20.46	24.58	9.99	0.0	0.0	30.91	6.03	22.14	21.91	28.45	17.81	25.12	20.33	22.36
P0DP23	P	S	67	P0DP23P67S	-1.03	-1.2	0.5	74	-1	domainX				0	1	0	1	0	0	0	0	0	0	1	0	1	2	1	0	0	0	0	1	1	0	1	0	0	0	0	0	0	0	17.84	30.8	24.96	11.46	23.62	18.97	20.87	29.59	20.7	12.7	16.78	17.21	5.07	0.0	29.96	16.82	20.46	24.58	9.99	3.8	20.08	30.91	10.86	22.14	21.91	28.45	17.81	25.12	20.33	22.36
P0DP23	Q	E	144	P0DP23Q144E	-0.03	-1.8	2.0	29	-1	domainX				0	1	0	1	0	0	0	0	0	0	1	0	1	2	1	0	0	0	0	1	2	0	1	0	0	0	0	0	0	0	17.84	30.8	24.96	13.12	23.62	18.97	20.87	29.59	20.7	12.7	22.85	17.21	9.8	0.0	15.99	16.82	20.46	24.58	9.99	17.43	0.0	30.91	20.86	22.14	21.91	28.45	17.81	25.12	20.33	22.36
P0DP23	Q	P	136	P0DP23Q136P	0.5	2.5	52.5	76	-1	domainX		5.6	surface	0	1	0	1	0	0	0	0	0	0	1	0	2	1	1	0	0	0	0	2	2	0	1	0	0	0	0	0	0	0	17.84	30.8	24.96	8.43	23.62	18.97	20.87	29.59	20.7	12.7	34.97	17.21	0.0	4.86	13.17	16.82	20.46	24.58	9.99	0.0	0.0	30.91	4.86	22.14	21.91	28.45	17.81	25.12	20.33	22.36
P0DP23	R	C	107	P0DP23R107C	-2.1	5.0	69.0	180	-1	domainX		57.3	surface	0	1	0	1	0	0	0	0	0	0	1	0	1	2	1	0	0	0	0	1	2	0	1	0	0	0	0	0	0	0	17.84	30.8	24.96	11.78	23.62	18.97	20.87	29.59	20.7	12.7	21.16	17.21	7.03	0.0	20.34	16.82	20.46	24.58	9.99	5.19	0.0	30.91	4.99	22.14	21.91	28.45	17.81	25.12	20.33	22.36
P0DP23	S	R	82	P0DP23S82R	0.77	-1.3	-92.0	110	-1	domainX				0	1	0	1	0	0	0	0	0	0	1	0	1	2	1	0	0	0	0	1	2	0	2	0	0	0	0	0	0	0	17.84	30.8	24.96	11.78	23.62	18.97	20.87	29.59	20.7	12.7	28.57	17.21	12.67	0.0	24.11	16.82	20.46	24.58	9.99	12.67	0.0	30.91	0.0	22.14	21.91	28.45	17.81	25.12	20.33	22.36
P0DP23	T	P	30	P0DP23T30P	0.32	0.6	28.5	38	-1	domainX				0	1	0	1	0	0	0	0	0	0	1	0	1	1	1	0	0	0	0	1	1	0	1	0	0	0	0	0	0	0	17.84	30.8	24.96	13.46	23.62	18.97	20.87	29.59	20.7	12.7	13.74	17.21	4.9	0.0	31.19	16.82	20.46	24.58	9.99	4.9	20.08	30.91	10.4	22.14	21.91	28.45	17.81	25.12	20.33	22.36
P0DP23	V	I	109	P0DP23V109I	0.0	0.7	-27.0	29	-1	domainX		2.5	core	0	1	0	1	0	0	0	0	0	0	1	0	1	2	1	0	0	0	0	1	2	0	1	0	0	0	0	0	0	0	17.84	30.8	24.96	12.14	23.62	18.97	20.87	29.59	20.7	12.7	17.13	17.21	8.98	0.0	22.7	16.82	20.46	24.58	9.99	8.94	0.0	30.91	3.8	22.14	21.91	28.45	17.81	25.12	20.33	22.36
P0DP23	V	L	143	P0DP23V143L	0.0	1.0	-27.0	32	-1	domainX		67.3	surface	0	1	0	1	0	0	0	0	0	0	1	0	1	2	1	0	0	0	0	1	2	0	1	0	0	0	0	0	0	0	17.84	30.8	24.96	3.8	23.62	18.97	20.87	29.59	20.7	12.7	27.97	17.21	11.45	0.0	19.52	16.82	20.46	24.58	9.99	6.75	0.0	30.91	10.54	22.14	21.91	28.45	17.81	25.12	20.33	22.36
